epoch,loss,mean_absolute_error,mean_absolute_percentage_error,root_mean_squared_error,val_loss,val_mean_absolute_error,val_mean_absolute_percentage_error,val_root_mean_squared_error
0,7.366920471191406,0.8018643856048584,100.43824768066406,0.9301767945289612,8.773578643798828,1.5287322998046875,99.98222351074219,1.5347844362258911
1,7.202300548553467,0.8013460040092468,100.42127227783203,0.9294881224632263,8.609345436096191,1.5280026197433472,99.93467712402344,1.5340496301651
2,7.040060043334961,0.8006938099861145,100.44786834716797,0.9286388754844666,8.447778701782227,1.5272815227508545,99.88770294189453,1.5333226919174194
3,6.880326747894287,0.8000954389572144,100.40424346923828,0.927833080291748,8.28841495513916,1.5265628099441528,99.84090423583984,1.5325983762741089
4,6.722391605377197,0.7993698716163635,100.33271789550781,0.9268735647201538,8.13093090057373,1.525813341140747,99.79210662841797,1.5318427085876465
5,6.566555500030518,0.7987035512924194,100.35679626464844,0.925982654094696,7.975413799285889,1.5250552892684937,99.74273681640625,1.5310782194137573
6,6.412919998168945,0.7980906367301941,100.40480041503906,0.9251526594161987,7.822126388549805,1.5242971181869507,99.69339752197266,1.5303137302398682
7,6.261618614196777,0.7974031567573547,100.39287567138672,0.9242216348648071,7.671637058258057,1.5234835147857666,99.64041900634766,1.5294935703277588
8,6.113286018371582,0.7966117858886719,100.39020538330078,0.9231504797935486,7.524197101593018,1.5226565599441528,99.58659362792969,1.5286598205566406
9,5.967536926269531,0.7958617210388184,100.40531921386719,0.9221519827842712,7.378697395324707,1.5218156576156616,99.53185272216797,1.527811884880066
10,5.823973655700684,0.795128583908081,100.33545684814453,0.921129584312439,7.235584735870361,1.5209459066390991,99.47522735595703,1.5269345045089722
11,5.6821794509887695,0.7941874861717224,100.32301330566406,0.9199003577232361,7.094328880310059,1.5200566053390503,99.41737365722656,1.5260374546051025
12,5.542993068695068,0.7934304475784302,100.40499114990234,0.9188575744628906,6.9554290771484375,1.5191309452056885,99.35711669921875,1.5251038074493408
13,5.405855655670166,0.7925236225128174,100.45059204101562,0.9176304936408997,6.8188652992248535,1.5182143449783325,99.2974853515625,1.5241791009902954
14,5.270740509033203,0.7915977239608765,100.38248443603516,0.9163774251937866,6.68411922454834,1.5172820091247559,99.2368392944336,1.5232383012771606
15,5.13749361038208,0.790718674659729,100.44284057617188,0.9151383638381958,6.551123142242432,1.516340732574463,99.17562103271484,1.522288203239441
16,5.005955696105957,0.789750337600708,100.62376403808594,0.9138639569282532,6.420108318328857,1.5154191255569458,99.11572265625,1.5213576555252075
17,4.876425266265869,0.7888167500495911,100.39210510253906,0.9125767350196838,6.291046619415283,1.5144941806793213,99.05561065673828,1.520423412322998
18,4.749349594116211,0.7879739999771118,100.47323608398438,0.9114792943000793,6.164359092712402,1.5135763883590698,98.9959716796875,1.519496202468872
19,4.623374938964844,0.7867305278778076,100.58029174804688,0.9097062349319458,6.040080547332764,1.5126913785934448,98.93852233886719,1.518601417541504
20,4.5008544921875,0.7859124541282654,100.71326446533203,0.9085938334465027,5.918026924133301,1.5118449926376343,98.88362884521484,1.5177451372146606
21,4.379232883453369,0.7846421599388123,100.70755767822266,0.9068088531494141,5.798251628875732,1.5110571384429932,98.83258056640625,1.5169471502304077
22,4.2606964111328125,0.7838850617408752,100.75309753417969,0.9056903719902039,5.680164813995361,1.5102816820144653,98.78236389160156,1.5161614418029785
23,4.142845153808594,0.7826647162437439,101.02383422851562,0.9039711952209473,5.564190864562988,1.5095731019973755,98.7365493774414,1.5154422521591187
24,4.027587890625,0.7817257046699524,100.9049301147461,0.9027454853057861,5.449990272521973,1.5089396238327026,98.69567108154297,1.5147981643676758
25,3.9139602184295654,0.7808436751365662,101.0816879272461,0.9013321399688721,5.338384628295898,1.5083787441253662,98.6595687866211,1.5142265558242798
26,3.802175760269165,0.7796146273612976,101.0802001953125,0.8996930718421936,5.229187965393066,1.5078951120376587,98.62853240966797,1.5137320756912231
27,3.6932218074798584,0.7787848114967346,101.55911254882812,0.8983006477355957,5.122804641723633,1.5074907541275024,98.60274505615234,1.5133167505264282
28,3.5862820148468018,0.7776580452919006,101.39160919189453,0.8966490030288696,5.0188703536987305,1.507199764251709,98.58438110351562,1.513014554977417
29,3.4816484451293945,0.7767200469970703,101.49787139892578,0.8952383995056152,4.916905879974365,1.5069653987884521,98.56974792480469,1.5127688646316528
30,3.37882661819458,0.7757585644721985,101.96575164794922,0.8937715291976929,4.817417144775391,1.5068341493606567,98.56189727783203,1.5126266479492188
31,3.278883218765259,0.7751279473304749,102.08484649658203,0.892651379108429,4.720682144165039,1.5068645477294922,98.56465148925781,1.512645959854126
32,3.180809259414673,0.7741657495498657,102.21427154541016,0.8912512063980103,4.626626968383789,1.5070066452026367,98.5747299194336,1.5127770900726318
33,3.085218906402588,0.7734613418579102,102.33755493164062,0.8899769186973572,4.53509521484375,1.5072338581085205,98.59041595458984,1.5129930973052979
34,2.991565704345703,0.7725216150283813,102.68233489990234,0.8885770440101624,4.445819854736328,1.5075451135635376,98.61162567138672,1.5132932662963867
35,2.9005491733551025,0.7720403075218201,103.33750915527344,0.8875107765197754,4.3591413497924805,1.508007526397705,98.64273071289062,1.5137441158294678
36,2.811713218688965,0.7713281512260437,103.60718536376953,0.8865004181861877,4.2748188972473145,1.5085999965667725,98.68241119384766,1.514325499534607
37,2.7243905067443848,0.7705987691879272,103.88505554199219,0.8852441906929016,4.192558288574219,1.509196400642395,98.72232818603516,1.5149104595184326
38,2.6393940448760986,0.769910991191864,104.07662200927734,0.883970320224762,4.113040924072266,1.5098462104797363,98.76579284667969,1.5155491828918457
39,2.5572266578674316,0.7692907452583313,104.13780975341797,0.8829197287559509,4.036116123199463,1.5105986595153809,98.81595611572266,1.5162904262542725
40,2.4762396812438965,0.7683704495429993,104.61952209472656,0.8813164830207825,3.9612960815429688,1.5114048719406128,98.86969757080078,1.517085075378418
41,2.399287223815918,0.7681591510772705,105.1724853515625,0.8809428215026855,3.8885996341705322,1.5123027563095093,98.92940521240234,1.5179718732833862
42,2.3224873542785645,0.7676231265068054,105.2375259399414,0.8797192573547363,3.817563533782959,1.513295292854309,98.99534606933594,1.5189533233642578
43,2.2477357387542725,0.7670649886131287,105.53589630126953,0.8787465691566467,3.748380184173584,1.5142470598220825,99.0586166381836,1.5198938846588135
44,2.174528121948242,0.7666168808937073,105.62110137939453,0.8776450753211975,3.6808383464813232,1.5152664184570312,99.1263427734375,1.5209019184112549
45,2.102503538131714,0.7656647562980652,105.72799682617188,0.8763624429702759,3.615375280380249,1.516385555267334,99.2006607055664,1.5220094919204712
46,2.0330777168273926,0.7654082179069519,107.46868896484375,0.8754653930664062,3.5516462326049805,1.5174615383148193,99.27213287353516,1.5230739116668701
47,1.9650593996047974,0.7649564743041992,107.54812622070312,0.8743028044700623,3.4899275302886963,1.5185589790344238,99.34500885009766,1.5241596698760986
48,1.9004570245742798,0.7647528052330017,107.25173950195312,0.8739097714424133,3.431091547012329,1.519789695739746,99.42662811279297,1.525378942489624
49,1.8358010053634644,0.7634921073913574,107.09798431396484,0.8718346357345581,3.375150203704834,1.521018624305725,99.50817108154297,1.5265955924987793
50,1.776985764503479,0.7635051012039185,108.3635482788086,0.8717010617256165,3.3210175037384033,1.5221866369247437,99.58570098876953,1.5277516841888428
51,1.7185789346694946,0.7630177140235901,109.22663879394531,0.8707322478294373,3.2690446376800537,1.5234129428863525,99.66707611083984,1.5289655923843384
52,1.661291241645813,0.762224555015564,109.2552261352539,0.8691898584365845,3.2188544273376465,1.5245540142059326,99.74288177490234,1.5300941467285156
53,1.607246994972229,0.7618933320045471,110.2923355102539,0.8684199452400208,3.1702821254730225,1.5256260633468628,99.8141860961914,1.5311535596847534
54,1.5541050434112549,0.7609382271766663,110.29945373535156,0.8670481443405151,3.1237401962280273,1.5266728401184082,99.88383483886719,1.5321869850158691
55,1.5045708417892456,0.760835587978363,110.1175765991211,0.8665848970413208,3.07895565032959,1.52765953540802,99.94952392578125,1.5331603288650513
56,1.454572319984436,0.759453296661377,111.11454010009766,0.8647375702857971,3.0355048179626465,1.5285042524337769,100.00599670410156,1.5339915752410889
57,1.407501220703125,0.7590416669845581,111.03663635253906,0.863638162612915,2.9936363697052,1.5293447971343994,100.0621566772461,1.5348179340362549
58,1.3617359399795532,0.7580847144126892,112.00961303710938,0.8623820543289185,2.952901601791382,1.5300637483596802,100.11036682128906,1.5355224609375
59,1.3180761337280273,0.7578135132789612,112.37516021728516,0.8615575432777405,2.9133048057556152,1.530715823173523,100.15419006347656,1.5361599922180176
60,1.2745105028152466,0.7571274638175964,113.6714859008789,0.8598366379737854,2.8753631114959717,1.531272053718567,100.19181060791016,1.536700963973999
61,1.232738733291626,0.7553304433822632,113.13197326660156,0.8579602837562561,2.8387670516967773,1.5316325426101685,100.21658325195312,1.537045955657959
62,1.193226933479309,0.754141628742218,114.6451644897461,0.8561612367630005,2.804386854171753,1.5319186449050903,100.2364730834961,1.5373156070709229
63,1.1570470333099365,0.753402829170227,111.89745330810547,0.8550707101821899,2.7712948322296143,1.5320491790771484,100.24620056152344,1.5374295711517334
64,1.1209030151367188,0.7517573237419128,115.31283569335938,0.8527863025665283,2.7401435375213623,1.5320384502410889,100.24668884277344,1.537401795387268
65,1.0881435871124268,0.750444233417511,115.7462158203125,0.8511223793029785,2.7106573581695557,1.5318455696105957,100.23523712158203,1.5371911525726318
66,1.0552799701690674,0.7484899759292603,114.26517486572266,0.8479140400886536,2.6834235191345215,1.5315054655075073,100.21420288085938,1.5368322134017944
67,1.0274806022644043,0.7471351623535156,116.32318878173828,0.846451997756958,2.6571903228759766,1.530970811843872,100.18038940429688,1.5362788438796997
68,1.0008275508880615,0.7456192374229431,116.93767547607422,0.8446416258811951,2.632185935974121,1.5302709341049194,100.1357650756836,1.5355596542358398
69,0.9726458191871643,0.7427537441253662,118.23876190185547,0.8409194350242615,2.608067512512207,1.5293464660644531,100.07646179199219,1.5346148014068604
70,0.9467753171920776,0.7405045032501221,115.76785278320312,0.8377912640571594,2.5847067832946777,1.5282090902328491,100.00325012207031,1.5334563255310059
71,0.9233343005180359,0.7382467985153198,114.4267349243164,0.8350014686584473,2.562067747116089,1.5267002582550049,99.9056625366211,1.5319255590438843
72,0.9006084203720093,0.7356558442115784,117.67658996582031,0.8317203521728516,2.5400948524475098,1.5249038934707642,99.78927612304688,1.530107021331787
73,0.879727840423584,0.7330032587051392,116.74272155761719,0.82832932472229,2.519770383834839,1.5229309797286987,99.66130828857422,1.5281108617782593
74,0.8617087006568909,0.7310370206832886,118.84827423095703,0.8254656195640564,2.500447988510132,1.520647406578064,99.51300811767578,1.5258039236068726
75,0.8443102836608887,0.727363109588623,116.73104858398438,0.8217598795890808,2.482067108154297,1.5180103778839111,99.34149932861328,1.5231428146362305
76,0.8272207975387573,0.7239176630973816,116.76325988769531,0.8169539570808411,2.4645395278930664,1.5150569677352905,99.1492919921875,1.5201646089553833
77,0.8131540417671204,0.7200443744659424,117.90393829345703,0.8130581974983215,2.4477810859680176,1.5117876529693604,98.93636322021484,1.516870141029358
78,0.8007202744483948,0.7169367074966431,120.67403411865234,0.8088953495025635,2.4321391582489014,1.5082082748413086,98.70311737060547,1.513264775276184
79,0.7885878086090088,0.712166965007782,119.7534408569336,0.8039281964302063,2.416926860809326,1.5043426752090454,98.45113372802734,1.5093731880187988
80,0.7785049080848694,0.7085769772529602,120.06614685058594,0.799119770526886,2.402658462524414,1.5000572204589844,98.17159271240234,1.5050606727600098
81,0.7688516974449158,0.7037504315376282,120.95343780517578,0.7933629751205444,2.3885397911071777,1.4953126907348633,97.86195373535156,1.500288963317871
82,0.7596378922462463,0.698451578617096,118.02831268310547,0.7869210839271545,2.3746602535247803,1.4901655912399292,97.52589416503906,1.4951142072677612
83,0.7516683340072632,0.6925217509269714,117.23727416992188,0.7806953191757202,2.3600025177001953,1.4846572875976562,97.16617584228516,1.489578127861023
84,0.7449466586112976,0.6875357627868652,119.37031555175781,0.7751320004463196,2.3445639610290527,1.4788026809692383,96.78367614746094,1.483695387840271
85,0.7353969812393188,0.6808747053146362,118.38557434082031,0.7675352692604065,2.32828426361084,1.4725680351257324,96.37627410888672,1.4774326086044312
86,0.7258737087249756,0.6736258268356323,116.12503814697266,0.7597343325614929,2.310948133468628,1.465853214263916,95.93731689453125,1.4706898927688599
87,0.720130980014801,0.6691874861717224,119.36959838867188,0.7542018294334412,2.2925617694854736,1.4586989879608154,95.469482421875,1.463507890701294
88,0.7109358310699463,0.6623449921607971,116.71407318115234,0.7462497353553772,2.273186445236206,1.451115369796753,94.97341918945312,1.4558972120285034
89,0.7009991407394409,0.6536585092544556,119.13936614990234,0.7375854253768921,2.2528305053710938,1.4431143999099731,94.44989013671875,1.4478695392608643
90,0.6923397183418274,0.6471134424209595,117.27723693847656,0.7296730279922485,2.231508731842041,1.4347010850906372,93.89925384521484,1.4394303560256958
91,0.6818944215774536,0.6386475563049316,115.15958404541016,0.7203500866889954,2.2096872329711914,1.4260590076446533,93.33356475830078,1.430762767791748
92,0.670768678188324,0.6291000247001648,114.06871032714844,0.7104294896125793,2.1866352558135986,1.4168944358825684,92.73345184326172,1.4215738773345947
93,0.6629949808120728,0.6223279237747192,114.19961547851562,0.7027050256729126,2.1628971099853516,1.4074078798294067,92.11211395263672,1.4120646715164185
94,0.6531299948692322,0.61292964220047,115.94206237792969,0.6933429837226868,2.138218879699707,1.3975064754486084,91.46343231201172,1.4021422863006592
95,0.6416248083114624,0.6021818518638611,113.41226196289062,0.6826531887054443,2.112949848175049,1.3873307704925537,90.79663848876953,1.3919470310211182
96,0.6352252960205078,0.5959538221359253,113.84310913085938,0.6756367087364197,2.0873754024505615,1.377000093460083,90.11952209472656,1.3815982341766357
97,0.621328592300415,0.5834609270095825,111.63292694091797,0.6629098653793335,2.0608417987823486,1.3662322759628296,89.4135971069336,1.370814561843872
98,0.6100265383720398,0.5727937817573547,111.17451477050781,0.6519995927810669,2.033843755722046,1.3552231788635254,88.69161987304688,1.3597915172576904
99,0.6011375784873962,0.563433051109314,108.51897430419922,0.6427942514419556,2.0065040588378906,1.3440406322479248,87.9581527709961,1.348597526550293
100,0.5904721021652222,0.5532337427139282,111.56600952148438,0.6321904063224792,1.9787245988845825,1.3326244354248047,87.20913696289062,1.337172031402588
101,0.5810028314590454,0.5438225865364075,111.0666275024414,0.6223446726799011,1.9504824876785278,1.320961356163025,86.44375610351562,1.3255022764205933
102,0.5720770359039307,0.5336668491363525,106.4994125366211,0.6129310727119446,1.9219924211502075,1.3091391324996948,85.66775512695312,1.3136756420135498
103,0.5596361756324768,0.5217909216880798,104.80535888671875,0.6005368828773499,1.8932549953460693,1.2971625328063965,84.88140869140625,1.3016977310180664
104,0.5486977100372314,0.5101755261421204,103.49777221679688,0.5893139243125916,1.8644750118255615,1.2851325273513794,84.09136199951172,1.289669394493103
105,0.5412871837615967,0.5027196407318115,104.26951599121094,0.5809491872787476,1.835283875465393,1.2728285789489746,83.28316497802734,1.277369499206543
106,0.5303801894187927,0.4913140535354614,100.51764678955078,0.5695390105247498,1.806049108505249,1.260453462600708,82.4700927734375,1.2650011777877808
107,0.523524820804596,0.48266294598579407,100.4247817993164,0.5617004632949829,1.77707040309906,1.2481461763381958,81.66130828857422,1.252703309059143
108,0.5149815678596497,0.4728177785873413,97.96125030517578,0.5523432493209839,1.748067855834961,1.2357597351074219,80.84716033935547,1.2403295040130615
109,0.5049514174461365,0.46281924843788147,98.38128662109375,0.5416220426559448,1.719067096710205,1.223311185836792,80.02872467041016,1.2278963327407837
110,0.4973367750644684,0.4540943503379822,95.39451599121094,0.5330343246459961,1.6900715827941895,1.210779070854187,79.20462799072266,1.2153820991516113
111,0.4869128465652466,0.4425511658191681,95.78849029541016,0.5218602418899536,1.66133451461792,1.1983275413513184,78.3856201171875,1.2029521465301514
112,0.4801150858402252,0.4340546429157257,90.73562622070312,0.5141172409057617,1.6326978206634521,1.1858292818069458,77.56341552734375,1.1904780864715576
113,0.47136378288269043,0.4254150986671448,91.386474609375,0.5045071244239807,1.6042758226394653,1.1733702421188354,76.7436294555664,1.1780452728271484
114,0.46485501527786255,0.4175367057323456,91.390869140625,0.49707841873168945,1.5760494470596313,1.1609094142913818,75.92354583740234,1.1656138896942139
115,0.4562346637248993,0.4084673523902893,86.24908447265625,0.48752596974372864,1.5480154752731323,1.1484791040420532,75.10535430908203,1.1532156467437744
116,0.44893214106559753,0.4005397856235504,86.22705078125,0.4793919622898102,1.5203158855438232,1.1361396312713623,74.2929916381836,1.1409107446670532
117,0.4403749108314514,0.3901028335094452,82.59712219238281,0.46985742449760437,1.4926639795303345,1.1237130165100098,73.47480010986328,1.1285210847854614
118,0.4291040003299713,0.3781234920024872,81.49696350097656,0.45758533477783203,1.4657974243164062,1.111708402633667,72.68417358398438,1.1165560483932495
119,0.42874380946159363,0.3777201771736145,78.574462890625,0.45706263184547424,1.4388515949249268,1.0994688272476196,71.878173828125,1.104356288909912
120,0.41949746012687683,0.3681061863899231,78.81486511230469,0.44681689143180847,1.4121737480163574,1.0872812271118164,71.07546997070312,1.0922114849090576
121,0.4123314917087555,0.36037376523017883,76.06575012207031,0.4387638568878174,1.3858269453048706,1.0751575231552124,70.27684020996094,1.080133080482483
122,0.4058472514152527,0.35247623920440674,73.66153717041016,0.4315643310546875,1.3595746755599976,1.063016653060913,69.47700500488281,1.068039894104004
123,0.39945414662361145,0.34579670429229736,70.14246368408203,0.4245052635669708,1.3337392807006836,1.0509724617004395,68.68351745605469,1.056044101715088
124,0.3934207260608673,0.33964258432388306,68.47291564941406,0.4177294671535492,1.3079382181167603,1.0387849807739258,67.88053894042969,1.0439082384109497
125,0.38535618782043457,0.33095574378967285,65.82179260253906,0.40860146284103394,1.2827500104904175,1.0268800258636475,67.09603118896484,1.0320569276809692
126,0.3796933889389038,0.3250086307525635,66.51861572265625,0.40225234627723694,1.2575513124465942,1.014794111251831,66.29962158203125,1.0200268030166626
127,0.37303030490875244,0.3189414441585541,62.97759246826172,0.3945227563381195,1.2325894832611084,1.0026897192001343,65.50198364257812,1.0079801082611084
128,0.3668002486228943,0.31099292635917664,59.19490051269531,0.3872959315776825,1.2080163955688477,0.9906653761863708,64.7096176147461,0.9960139393806458
129,0.3612862527370453,0.3038322627544403,56.15324401855469,0.3810303807258606,1.1838728189468384,0.9787797331809998,63.92631149291992,0.9841890931129456
130,0.35319116711616516,0.29487359523773193,55.650020599365234,0.3713485300540924,1.1602957248687744,0.9670979976654053,63.1563606262207,0.9725697636604309
131,0.3500499427318573,0.2914336919784546,53.10552978515625,0.3681679368019104,1.13677978515625,0.9552888870239258,62.378082275390625,0.9608244299888611
132,0.3420453369617462,0.28154703974723816,51.269508361816406,0.35836154222488403,1.1138505935668945,0.9436650276184082,61.61198806762695,0.9492655396461487
133,0.3398829698562622,0.27984723448753357,48.56208038330078,0.35621896386146545,1.0907334089279175,0.9316887259483337,60.82273864746094,0.9373563528060913
134,0.3347190320491791,0.2735120356082916,47.58086395263672,0.35025474429130554,1.0686086416244507,0.9203119874000549,60.072933197021484,0.9260461926460266
135,0.32736098766326904,0.26607194542884827,44.436058044433594,0.3409479558467865,1.0463848114013672,0.908676028251648,59.306114196777344,0.9144790768623352
136,0.32168206572532654,0.2583499252796173,42.11540985107422,0.3341977596282959,1.0249799489974976,0.8974674344062805,58.56743240356445,0.9033388495445251
137,0.31848475337028503,0.2563810646533966,41.632049560546875,0.3311661183834076,1.0039385557174683,0.8863256573677063,57.83317947387695,0.892266035079956
138,0.3143194615840912,0.25162962079048157,40.1615104675293,0.3266904950141907,0.9835014343261719,0.8754121661186218,57.113990783691406,0.8814215660095215
139,0.3095918893814087,0.24605681002140045,37.922157287597656,0.32114848494529724,0.9633198380470276,0.864495575428009,56.39466094970703,0.8705747127532959
140,0.30554649233818054,0.24107341468334198,35.718666076660156,0.31659165024757385,0.9434109926223755,0.8535991907119751,55.67671585083008,0.859748899936676
141,0.29988017678260803,0.23569506406784058,34.18190383911133,0.3094634711742401,0.9238989353179932,0.842810332775116,54.96592330932617,0.8490301370620728
142,0.2965463399887085,0.2313685119152069,32.669586181640625,0.3060975968837738,0.9049105048179626,0.8322495818138123,54.27018737792969,0.838539183139801
143,0.2928750813007355,0.22674709558486938,31.780799865722656,0.30237239599227905,0.8865990042686462,0.822081983089447,53.60036849975586,0.8284399509429932
144,0.28811705112457275,0.22320900857448578,30.98960304260254,0.2969099283218384,0.8687613606452942,0.8121147751808167,52.94384002685547,0.8185397386550903
145,0.2826710343360901,0.21680361032485962,30.65569305419922,0.29024553298950195,0.8515154719352722,0.8023908138275146,52.303489685058594,0.8088797330856323
146,0.28081148862838745,0.21579644083976746,30.361431121826172,0.28950658440589905,0.8342649936676025,0.7924883365631104,51.65143585205078,0.7990427017211914
147,0.27380552887916565,0.20756825804710388,29.705289840698242,0.2797833979129791,0.8176450133323669,0.7829164266586304,51.02125549316406,0.7895333170890808
148,0.27508819103240967,0.20929992198944092,30.268381118774414,0.2850469946861267,0.801770806312561,0.7738639116287231,50.42527389526367,0.7805408835411072
149,0.26862090826034546,0.20278947055339813,30.324522018432617,0.27662891149520874,0.7863177061080933,0.7649914026260376,49.841278076171875,0.7717262506484985
150,0.2678004503250122,0.20279480516910553,30.290882110595703,0.27847984433174133,0.7715128064155579,0.7564972639083862,49.28234100341797,0.763285219669342
151,0.26484215259552,0.20120590925216675,30.95026969909668,0.2759881019592285,0.7564486861228943,0.747534453868866,48.69269943237305,0.7543768286705017
152,0.2603701055049896,0.19789032638072968,30.765600204467773,0.27152642607688904,0.7427240014076233,0.739736795425415,48.179710388183594,0.7466273903846741
153,0.2562671899795532,0.19449658691883087,30.72174072265625,0.2672364115715027,0.7288586497306824,0.7315046191215515,47.638328552246094,0.7384428977966309
154,0.25112682580947876,0.18992090225219727,30.8324031829834,0.26070818305015564,0.7153242230415344,0.7234534621238708,47.108924865722656,0.730438232421875
155,0.24960465729236603,0.18841563165187836,30.633384704589844,0.26135823130607605,0.7023494839668274,0.7157920002937317,46.605247497558594,0.7228192687034607
156,0.24901804327964783,0.19136174023151398,30.906461715698242,0.26374271512031555,0.6899845600128174,0.7083917856216431,46.11909103393555,0.7154533267021179
157,0.24328532814979553,0.18611055612564087,31.757774353027344,0.25634056329727173,0.6778779029846191,0.7011608481407166,45.64389419555664,0.7082598805427551
158,0.24039773643016815,0.18317613005638123,31.271699905395508,0.2543815076351166,0.6662362813949585,0.6942460536956787,45.189544677734375,0.701380729675293
159,0.23914097249507904,0.18455126881599426,32.18452072143555,0.2558073103427887,0.65500807762146,0.687542200088501,44.749210357666016,0.6947081089019775
160,0.23455733060836792,0.18074046075344086,31.402524948120117,0.24999840557575226,0.6436789035797119,0.6805310845375061,44.28883743286133,0.6877270936965942
161,0.23320038616657257,0.18123817443847656,31.649211883544922,0.2507362961769104,0.63250333070755,0.6735517978668213,43.830589294433594,0.6807778477668762
162,0.23054488003253937,0.1807812750339508,32.241783142089844,0.24895897507667542,0.6218674182891846,0.6670159697532654,43.40154266357422,0.6742684841156006
163,0.22635924816131592,0.17649641633033752,33.060394287109375,0.24488411843776703,0.6120564341545105,0.6613075733184814,43.02680587768555,0.6685838103294373
164,0.22589154541492462,0.1766287386417389,31.878564834594727,0.24763259291648865,0.6023932695388794,0.6553388237953186,42.635379791259766,0.6626307964324951
165,0.22429394721984863,0.17875061929225922,32.77698516845703,0.24781984090805054,0.5927207469940186,0.6492896676063538,42.23857116699219,0.6566007733345032
166,0.21714238822460175,0.17067430913448334,32.535118103027344,0.23669008910655975,0.5832533836364746,0.6433308124542236,41.847713470458984,0.6506606340408325
167,0.21628835797309875,0.17067061364650726,32.47681427001953,0.23844251036643982,0.5738131403923035,0.6373182535171509,41.45332336425781,0.6446678042411804
168,0.21235457062721252,0.1684892326593399,32.24171447753906,0.23390087485313416,0.5649693012237549,0.6318124532699585,41.09231185913086,0.6391770839691162
169,0.2122821807861328,0.17084670066833496,32.36510467529297,0.23758263885974884,0.556388258934021,0.6264762282371521,40.74254608154297,0.6338526010513306
170,0.21101562678813934,0.17236649990081787,32.57745361328125,0.23905621469020844,0.5483285188674927,0.6216722130775452,40.42765808105469,0.6290593147277832
171,0.20634585618972778,0.16831599175930023,32.7247200012207,0.23255886137485504,0.5399852395057678,0.6162331700325012,40.07145690917969,0.6236254572868347
172,0.20544326305389404,0.16852667927742004,33.00774383544922,0.234220489859581,0.5315379500389099,0.610734224319458,39.71104431152344,0.6181394457817078
173,0.20370763540267944,0.16836543381214142,32.47574234008789,0.2339581698179245,0.5235722661018372,0.6055815815925598,39.37344741821289,0.6129961013793945
174,0.20108763873577118,0.1666315346956253,32.79969024658203,0.23231397569179535,0.5161648392677307,0.6010000705718994,39.07347869873047,0.608417809009552
175,0.19830963015556335,0.1647489070892334,32.72660827636719,0.22954627871513367,0.5084601044654846,0.5958688259124756,38.73760223388672,0.6032886505126953
176,0.19760654866695404,0.16607238352298737,33.63690948486328,0.23144599795341492,0.500748336315155,0.5907099843025208,38.39977264404297,0.598135769367218
177,0.1939675658941269,0.163469135761261,33.22513198852539,0.22735938429832458,0.4942815899848938,0.586860179901123,38.147926330566406,0.594283401966095
178,0.19134686887264252,0.16170424222946167,32.14830780029297,0.2250852733850479,0.48734307289123535,0.5822381377220154,37.84572219848633,0.5896552205085754
179,0.19046100974082947,0.16332130134105682,32.66304397583008,0.22661593556404114,0.48033466935157776,0.5776113867759705,37.54294967651367,0.5850288271903992
180,0.18873943388462067,0.16239899396896362,33.176170349121094,0.2268163412809372,0.47404879331588745,0.5738012790679932,37.293643951416016,0.581218421459198
181,0.1865457445383072,0.1617167443037033,32.69225311279297,0.22516927123069763,0.46690237522125244,0.5687866806983948,36.96550369262695,0.5762049555778503
182,0.18418428301811218,0.1598885953426361,31.998746871948242,0.2230210304260254,0.4604187309741974,0.5643882751464844,36.678009033203125,0.5717989802360535
183,0.18292678892612457,0.15973852574825287,31.67291831970215,0.22367160022258759,0.45456844568252563,0.5606890320777893,36.436405181884766,0.5680885910987854
184,0.18087825179100037,0.1595105677843094,32.02371597290039,0.2223958969116211,0.44852137565612793,0.5566335916519165,36.17147445678711,0.5640226006507874
185,0.179107204079628,0.15913598239421844,31.432613372802734,0.2217932939529419,0.4419940412044525,0.5520843863487244,35.87384033203125,0.5594735145568848
186,0.17722748219966888,0.1575673520565033,32.229034423828125,0.22088976204395294,0.43597036600112915,0.548056960105896,35.6102409362793,0.5554493069648743
187,0.17441143095493317,0.15409599244594574,31.36608123779297,0.21766923367977142,0.4295695126056671,0.5434289574623108,35.30741882324219,0.5508232712745667
188,0.17387427389621735,0.15680085122585297,32.15373611450195,0.2194996029138565,0.4235886037349701,0.5392125844955444,35.03165817260742,0.5466052293777466
189,0.17207148671150208,0.15633052587509155,32.29989242553711,0.218146413564682,0.41773948073387146,0.5349642038345337,34.754127502441406,0.5423469543457031
190,0.17173171043395996,0.15650713443756104,30.763036727905273,0.22034543752670288,0.4113547205924988,0.5302278995513916,34.444007873535156,0.5376189351081848
191,0.16869129240512848,0.15418319404125214,31.078603744506836,0.21626806259155273,0.40504083037376404,0.5254688262939453,34.13234329223633,0.5328704714775085
192,0.16672317683696747,0.1551414132118225,31.970232009887695,0.2150140106678009,0.40017610788345337,0.5222100615501404,33.91957092285156,0.5296012759208679
193,0.16669178009033203,0.15644191205501556,31.72466468811035,0.2177196741104126,0.39502567052841187,0.5185336470603943,33.679420471191406,0.5259165167808533
194,0.16215936839580536,0.14997868239879608,31.34014320373535,0.20993776619434357,0.38966211676597595,0.5145086646080017,33.41651153564453,0.5218825340270996
195,0.1628066450357437,0.15416890382766724,31.931528091430664,0.21429574489593506,0.3839844763278961,0.5102280378341675,33.13612747192383,0.5176135301589966
196,0.1626158207654953,0.15510119497776031,30.353315353393555,0.21648015081882477,0.3786497712135315,0.5060900449752808,32.86578369140625,0.513468325138092
197,0.15978972613811493,0.15167236328125,30.801279067993164,0.2124871462583542,0.37362027168273926,0.5022832751274109,32.61716842651367,0.5096524357795715
198,0.1573580503463745,0.1488468199968338,30.091712951660156,0.2093810737133026,0.3696300685405731,0.4995258152484894,32.437957763671875,0.5068643093109131
199,0.15576179325580597,0.14927014708518982,31.60409927368164,0.20876549184322357,0.36598652601242065,0.497305303812027,32.293487548828125,0.5046232342720032
200,0.1560835987329483,0.15114422142505646,30.898000717163086,0.2122391015291214,0.3604217767715454,0.4927546977996826,31.99576759338379,0.5000768899917603
201,0.1534447968006134,0.14919903874397278,30.82682228088379,0.20859219133853912,0.3555803894996643,0.48906776309013367,31.754682540893555,0.49639004468917847
202,0.15329447388648987,0.15052786469459534,29.936094284057617,0.2106427252292633,0.35032424330711365,0.4847036600112915,31.469331741333008,0.49202588200569153
203,0.15125595033168793,0.14909552037715912,30.63687515258789,0.208362877368927,0.3456767201423645,0.481126993894577,31.235572814941406,0.48844632506370544
204,0.1498280018568039,0.14860425889492035,30.07889747619629,0.20792603492736816,0.3413245379924774,0.47785019874572754,31.02130126953125,0.4851703643798828
205,0.1489700973033905,0.14782103896141052,29.957599639892578,0.20846053957939148,0.33680644631385803,0.4742317497730255,30.784860610961914,0.4815483093261719
206,0.14567121863365173,0.1454649269580841,30.030187606811523,0.20261923968791962,0.33238959312438965,0.4706101715564728,30.548431396484375,0.4779171943664551
207,0.14753791689872742,0.14914487302303314,30.023500442504883,0.20946334302425385,0.32864809036254883,0.4677054286003113,30.35933494567871,0.4749900996685028
208,0.1454879343509674,0.14712512493133545,29.76482582092285,0.20677734911441803,0.32427123188972473,0.4640636444091797,30.12136459350586,0.47134536504745483
209,0.1423628330230713,0.1454322189092636,29.817981719970703,0.20150548219680786,0.3195699453353882,0.4600532054901123,29.858915328979492,0.46734288334846497
210,0.14247681200504303,0.145987406373024,30.01351547241211,0.20394867658615112,0.31584542989730835,0.457028865814209,29.662067413330078,0.4642946124076843
211,0.14235442876815796,0.147394061088562,30.92426300048828,0.20640653371810913,0.3118162453174591,0.45388391613960266,29.455772399902344,0.4611698091030121
212,0.14082621037960052,0.1452745795249939,30.53463363647461,0.20510803163051605,0.3085757791996002,0.4515000581741333,29.300710678100586,0.45876407623291016
213,0.13967832922935486,0.14519713819026947,29.79879379272461,0.2046329230070114,0.30539199709892273,0.4490759074687958,29.143104553222656,0.45631590485572815
214,0.13974390923976898,0.14750446379184723,30.48981285095215,0.2071470469236374,0.303126722574234,0.4476853609085083,29.053848266601562,0.4548787772655487
215,0.13691601157188416,0.1440143585205078,29.660640716552734,0.20259031653404236,0.29949817061424255,0.4446117579936981,28.853519439697266,0.45178931951522827
216,0.13607825338840485,0.1441803276538849,29.22079086303711,0.20227999985218048,0.29565203189849854,0.4412362277507782,28.6333065032959,0.4484020173549652
217,0.13384006917476654,0.14156845211982727,28.554365158081055,0.19877755641937256,0.2914925813674927,0.43740037083625793,28.3824462890625,0.44457074999809265
218,0.13457243144512177,0.14417506754398346,29.360746383666992,0.20225581526756287,0.28755077719688416,0.4337780773639679,28.145986557006836,0.4409407675266266
219,0.13361859321594238,0.1435704380273819,28.453414916992188,0.2020186483860016,0.28366246819496155,0.4302077293395996,27.912391662597656,0.4373781383037567
220,0.13145999610424042,0.1419050097465515,29.6911678314209,0.19865745306015015,0.2797033190727234,0.4266144335269928,27.677066802978516,0.4337996542453766
221,0.13050833344459534,0.14221976697444916,28.915077209472656,0.1984417885541916,0.2764756381511688,0.4238710105419159,27.497882843017578,0.4310534596443176
222,0.12877929210662842,0.14143934845924377,29.935043334960938,0.1962451934814453,0.2736813426017761,0.421711802482605,27.357099533081055,0.42888522148132324
223,0.12832748889923096,0.1409042328596115,28.34383773803711,0.19670039415359497,0.27083101868629456,0.4190678596496582,27.1862735748291,0.4261854290962219
224,0.12925496697425842,0.1421421319246292,28.492589950561523,0.20103901624679565,0.26708289980888367,0.41556546092033386,26.95677947998047,0.422701895236969
225,0.12629862129688263,0.14008691906929016,28.627168655395508,0.19568650424480438,0.2640479505062103,0.4130057692527771,26.789508819580078,0.4201427102088928
226,0.1253657341003418,0.13818645477294922,27.97052764892578,0.19464050233364105,0.26105332374572754,0.41015365719795227,26.604381561279297,0.4172551929950714
227,0.12370548397302628,0.13840170204639435,28.389463424682617,0.192602276802063,0.25856736302375793,0.408251017332077,26.480403900146484,0.41534289717674255
228,0.1231178343296051,0.1376955509185791,28.58808135986328,0.19338706135749817,0.25583550333976746,0.40584811568260193,26.32366371154785,0.412932425737381
229,0.12259868532419205,0.13852648437023163,27.894630432128906,0.19370678067207336,0.252165287733078,0.4021051824092865,26.079147338867188,0.4091896116733551
230,0.12289262562990189,0.14009790122509003,27.62870979309082,0.19587326049804688,0.24951709806919098,0.39972731471061707,25.924684524536133,0.40678608417510986
231,0.12286175787448883,0.14020349085330963,27.747282028198242,0.19756145775318146,0.24597875773906708,0.39613819122314453,25.690040588378906,0.4032022953033447
232,0.12072448432445526,0.13822218775749207,28.379228591918945,0.19395291805267334,0.2429095059633255,0.3933104872703552,25.504669189453125,0.4003938138484955
233,0.11874479055404663,0.13743065297603607,28.430885314941406,0.19099824130535126,0.24116578698158264,0.3921331465244293,25.42890167236328,0.39918258786201477
234,0.11889566481113434,0.13834170997142792,28.60295295715332,0.1933766007423401,0.23957237601280212,0.39112532138824463,25.364564895629883,0.39813071489334106
235,0.11918410658836365,0.13910217583179474,27.503097534179688,0.19587557017803192,0.23642095923423767,0.38796186447143555,25.157636642456055,0.3949759304523468
236,0.1168966069817543,0.13733714818954468,28.16946792602539,0.19140133261680603,0.23377898335456848,0.3853815197944641,24.990018844604492,0.3923685848712921
237,0.11555830389261246,0.13648544251918793,27.51375961303711,0.1895730346441269,0.2311467081308365,0.3828508257865906,24.82506561279297,0.38982802629470825
238,0.11469287425279617,0.13462845981121063,27.157146453857422,0.18887582421302795,0.22845858335494995,0.3801872432231903,24.651559829711914,0.38715091347694397
239,0.11524482071399689,0.1375243365764618,28.106271743774414,0.1924077272415161,0.2270425707101822,0.37943214178085327,24.602861404418945,0.38637712597846985
240,0.11436494439840317,0.1349167823791504,26.807437896728516,0.19165131449699402,0.2236238420009613,0.37559428811073303,24.35222053527832,0.38253939151763916
241,0.11458788812160492,0.13916660845279694,27.563480377197266,0.19352944195270538,0.22076888382434845,0.37265312671661377,24.160297393798828,0.37959378957748413
242,0.11326050758361816,0.13767723739147186,28.440147399902344,0.1919914186000824,0.21883539855480194,0.3710705041885376,24.05731964111328,0.37799975275993347
243,0.11294135451316833,0.1381434202194214,27.503206253051758,0.19283455610275269,0.21769309043884277,0.37046918272972107,24.020002365112305,0.3773406445980072
244,0.1110578253865242,0.13385775685310364,25.4847412109375,0.18926478922367096,0.21423111855983734,0.366376131772995,23.752641677856445,0.3732503056526184
245,0.10989762842655182,0.13191556930541992,26.370203018188477,0.18752221763134003,0.21154260635375977,0.3635258674621582,23.566539764404297,0.37039974331855774
246,0.11025700718164444,0.13450665771961212,26.0488338470459,0.1902083307504654,0.20846574008464813,0.36012935638427734,23.34394645690918,0.3670276999473572
247,0.10882245749235153,0.1335648000240326,26.536924362182617,0.18795984983444214,0.206761434674263,0.3586757481098175,23.24991798400879,0.3655477464199066
248,0.10859517753124237,0.13512665033340454,26.379209518432617,0.18909750878810883,0.20570871233940125,0.35816359519958496,23.218093872070312,0.364987313747406
249,0.10755648463964462,0.13468629121780396,26.255943298339844,0.1879977583885193,0.2032475471496582,0.3556656837463379,23.054529190063477,0.362503319978714
250,0.1074734479188919,0.1353703886270523,26.179784774780273,0.18899789452552795,0.20067735016345978,0.3527640104293823,22.86576271057129,0.3595816195011139
251,0.10735013335943222,0.13598202168941498,27.202144622802734,0.1904444694519043,0.19857259094715118,0.35080915689468384,22.73757553100586,0.3576434254646301
252,0.10689569264650345,0.1349317878484726,27.738100051879883,0.190908744931221,0.19668234884738922,0.34895575046539307,22.617197036743164,0.35577157139778137
253,0.1055212914943695,0.1331663876771927,25.15070343017578,0.18832583725452423,0.19526393711566925,0.3476646840572357,22.53529167175293,0.3544096052646637
254,0.10368326306343079,0.13119067251682281,26.032541275024414,0.18508310616016388,0.19300341606140137,0.3452916741371155,22.379865646362305,0.35205182433128357
255,0.10437801480293274,0.132931649684906,24.919614791870117,0.18813450634479523,0.19013212621212006,0.341727614402771,22.14751434326172,0.34847936034202576
256,0.10273367911577225,0.13138613104820251,26.110292434692383,0.18508212268352509,0.1875065267086029,0.3388124406337738,21.956037521362305,0.3455999791622162
257,0.1029009148478508,0.13375285267829895,26.63220977783203,0.1873159557580948,0.1868634670972824,0.33890300989151,21.963214874267578,0.3456520140171051
258,0.1015351191163063,0.13153167068958282,26.159194946289062,0.18535825610160828,0.18547065556049347,0.33770036697387695,21.885602951049805,0.3444226086139679
259,0.1011253222823143,0.13004909455776215,25.354333877563477,0.18517577648162842,0.18207280337810516,0.3331727981567383,21.589696884155273,0.33990779519081116
260,0.10073186457157135,0.1333553045988083,27.316499710083008,0.18566180765628815,0.18014146387577057,0.3312806785106659,21.465351104736328,0.3380415141582489
261,0.10152757912874222,0.13227832317352295,24.314287185668945,0.1887366622686386,0.178074911236763,0.3286358118057251,21.294755935668945,0.3353363573551178
262,0.10074876248836517,0.13224327564239502,25.579776763916016,0.18802042305469513,0.17675019800662994,0.3276183605194092,21.228233337402344,0.3343223035335541
263,0.09950621426105499,0.1322696954011917,25.709308624267578,0.18633121252059937,0.17600169777870178,0.32740774750709534,21.215829849243164,0.33407101035118103
264,0.09685184061527252,0.1276007741689682,24.711944580078125,0.18054601550102234,0.1748075634241104,0.32634323835372925,21.14752960205078,0.3329711854457855
265,0.09779568016529083,0.13037967681884766,25.55552101135254,0.1845427006483078,0.17285798490047455,0.3241913616657257,21.00663948059082,0.33083346486091614
266,0.0972975492477417,0.1295609325170517,24.15074920654297,0.18431133031845093,0.17127156257629395,0.32243260741233826,20.89313507080078,0.3290368616580963
267,0.09666718542575836,0.13108748197555542,24.829605102539062,0.18405339121818542,0.16881635785102844,0.3194059431552887,20.694141387939453,0.3260553777217865
268,0.09617886692285538,0.13080379366874695,25.11871910095215,0.183867946267128,0.16734832525253296,0.3178817331790924,20.595434188842773,0.3245087265968323
269,0.09549680352210999,0.13009554147720337,25.25200843811035,0.18335455656051636,0.16572235524654388,0.3160664141178131,20.47736930847168,0.3226819634437561
270,0.09527052938938141,0.1303490400314331,24.13983917236328,0.18363314867019653,0.1632874608039856,0.3127991855144501,20.26424789428711,0.3194141089916229
271,0.09419728815555573,0.12818095088005066,24.50701904296875,0.18181271851062775,0.16135071218013763,0.31047317385673523,20.112445831298828,0.31708988547325134
272,0.09328580647706985,0.12758514285087585,23.76809310913086,0.1804323047399521,0.1587717980146408,0.3069836497306824,19.883907318115234,0.31362831592559814
273,0.0941103845834732,0.13056828081607819,25.86514663696289,0.1842748373746872,0.15761858224868774,0.30607426166534424,19.823972702026367,0.31273743510246277
274,0.09342974424362183,0.12882192432880402,23.503036499023438,0.18315884470939636,0.15726317465305328,0.3059993386268616,19.823322296142578,0.31253352761268616
275,0.09382541477680206,0.13051466643810272,24.50753402709961,0.185796320438385,0.15665793418884277,0.30605757236480713,19.82703971862793,0.3125937283039093
276,0.09133295714855194,0.12708109617233276,22.776588439941406,0.18006066977977753,0.154444620013237,0.3030264973640442,19.62930679321289,0.309563547372818
277,0.09039139747619629,0.12678825855255127,24.508838653564453,0.17877525091171265,0.15478192269802094,0.3044738173484802,19.7260684967041,0.31093910336494446
278,0.09147178381681442,0.1293114572763443,24.623605728149414,0.1831706017255783,0.1524510383605957,0.3014623522758484,19.527538299560547,0.3079911172389984
279,0.08980637788772583,0.126883864402771,24.35468101501465,0.17945390939712524,0.14916780591011047,0.2964361011981964,19.198497772216797,0.3030029833316803
280,0.09047599136829376,0.12885326147079468,25.072900772094727,0.18230624496936798,0.1484479457139969,0.2960059642791748,19.17176055908203,0.30253270268440247
281,0.09113525599241257,0.13120396435260773,24.043560028076172,0.18519306182861328,0.14757826924324036,0.2952524721622467,19.124008178710938,0.301736980676651
282,0.08856389671564102,0.12702904641628265,23.205764770507812,0.17903611063957214,0.14565612375736237,0.2925926148891449,18.950469970703125,0.2990798354148865
283,0.08831313252449036,0.12740309536457062,23.061975479125977,0.1796494871377945,0.14384964108467102,0.2902415096759796,18.79607391357422,0.29676181077957153
284,0.08872555941343307,0.12784039974212646,23.009981155395508,0.1816709190607071,0.14288142323493958,0.2892228364944458,18.73117446899414,0.2956966161727905
285,0.08875928074121475,0.12883418798446655,24.739625930786133,0.1826086789369583,0.1412673145532608,0.28712302446365356,18.594213485717773,0.2935985326766968
286,0.08825540542602539,0.12780848145484924,23.257171630859375,0.18257732689380646,0.13924472033977509,0.2843967080116272,18.4149112701416,0.29091963171958923
287,0.08669344335794449,0.12590578198432922,22.37848663330078,0.1792377084493637,0.13880781829357147,0.28413820266723633,18.400699615478516,0.2905801832675934
288,0.08706609159708023,0.12785162031650543,24.00640296936035,0.18133744597434998,0.13980771601200104,0.2869572043418884,18.58693504333496,0.29332438111305237
289,0.08550066500902176,0.1264750212430954,22.94634437561035,0.1784001588821411,0.13725361227989197,0.2830601632595062,18.33138656616211,0.28947213292121887
290,0.0858936682343483,0.1275583803653717,23.351367950439453,0.1800994575023651,0.13435880839824677,0.2783978283405304,18.026004791259766,0.2848545014858246
291,0.08702622354030609,0.12860114872455597,23.779558181762695,0.184060201048851,0.1337422877550125,0.278036892414093,18.003700256347656,0.2844560742378235
292,0.08537919074296951,0.12827810645103455,23.692485809326172,0.1808842420578003,0.13431301712989807,0.27996590733528137,18.131547927856445,0.2863202691078186
293,0.08571575582027435,0.12812887132167816,22.96061897277832,0.1828540414571762,0.13159359991550446,0.27565568685531616,17.84835433959961,0.2820783853530884
294,0.08465469628572464,0.12787476181983948,23.453929901123047,0.1807398498058319,0.13039813935756683,0.27414625883102417,17.750579833984375,0.280550479888916
295,0.08439449220895767,0.12747451663017273,23.253385543823242,0.18083864450454712,0.12851347029209137,0.2712264358997345,17.56012535095215,0.277635782957077
296,0.0836603194475174,0.12584346532821655,22.201045989990234,0.17970921099185944,0.1278284788131714,0.2706785202026367,17.525609970092773,0.27705103158950806
297,0.08187607675790787,0.12496718764305115,23.501117706298828,0.1758664846420288,0.12709908187389374,0.27005043625831604,17.484926223754883,0.2764151692390442
298,0.08228474855422974,0.12646639347076416,23.173858642578125,0.17815205454826355,0.12628035247325897,0.2693547010421753,17.43977928161621,0.27571314573287964
299,0.08272980898618698,0.12600429356098175,21.916372299194336,0.1804434359073639,0.12575918436050415,0.26898741722106934,17.417522430419922,0.27529460191726685
300,0.08113691955804825,0.12458226084709167,22.27978515625,0.17681974172592163,0.12508420646190643,0.2685212790966034,17.387685775756836,0.27481159567832947
301,0.08152026683092117,0.12477599829435349,21.993324279785156,0.17888924479484558,0.12288550287485123,0.26495733857154846,17.15381622314453,0.2712976336479187
302,0.08012720942497253,0.12262508273124695,21.932050704956055,0.17578832805156708,0.1216384619474411,0.263124018907547,17.034992218017578,0.26944535970687866
303,0.0805269405245781,0.126360684633255,23.10120391845703,0.1778884083032608,0.12056249380111694,0.26179736852645874,16.94837188720703,0.2681242525577545
304,0.07949058711528778,0.12478990107774734,23.050413131713867,0.17589202523231506,0.1206207200884819,0.26270049810409546,17.008819580078125,0.26897767186164856
305,0.07834561169147491,0.12250843644142151,22.621580123901367,0.17381958663463593,0.11986622959375381,0.2619801461696625,16.96184730529785,0.2682581841945648
306,0.07895396649837494,0.12341231852769852,21.323585510253906,0.17594702541828156,0.11593945324420929,0.2545405626296997,16.47439193725586,0.2609063684940338
307,0.08109204471111298,0.12670409679412842,22.027442932128906,0.18252775073051453,0.11503727734088898,0.2534119486808777,16.40182876586914,0.2597484886646271
308,0.07849700003862381,0.1250254511833191,23.628339767456055,0.17623023688793182,0.11548078805208206,0.255157470703125,16.5172176361084,0.2614412307739258
309,0.07797147333621979,0.12448105216026306,21.416719436645508,0.17570868134498596,0.11453378200531006,0.2538667321205139,16.433706283569336,0.2601330876350403
310,0.07788066565990448,0.12405261397361755,22.072376251220703,0.17655380070209503,0.11536798626184464,0.2563571035861969,16.598222732543945,0.26255306601524353
311,0.07861503958702087,0.12610210478305817,20.802030563354492,0.1795424073934555,0.11407759040594101,0.2544717490673065,16.47451400756836,0.26069456338882446
312,0.07608654350042343,0.12177751213312149,20.767047882080078,0.17326447367668152,0.1144193783402443,0.25575122237205505,16.560739517211914,0.26188668608665466
313,0.07701439410448074,0.1247391626238823,22.38974952697754,0.17671214044094086,0.1119706928730011,0.2514853775501251,16.280086517333984,0.2577058970928192
314,0.07562877982854843,0.12212960422039032,20.675762176513672,0.17318181693553925,0.11047763377428055,0.24891075491905212,16.112661361694336,0.25512394309043884
315,0.07595221698284149,0.12272582948207855,22.51943016052246,0.17519405484199524,0.1105707511305809,0.24998359382152557,16.183298110961914,0.25617265701293945
316,0.0752527266740799,0.12195780128240585,21.51677131652832,0.1741264909505844,0.11051613092422485,0.25047731399536133,16.21734046936035,0.2566090524196625
317,0.07725018262863159,0.12691687047481537,23.242151260375977,0.180640310049057,0.10764282941818237,0.24526390433311462,15.873432159423828,0.2515299618244171
318,0.07567892968654633,0.12362147122621536,21.585224151611328,0.17649520933628082,0.10675458610057831,0.24377381801605225,15.778984069824219,0.24996130168437958
319,0.07444241642951965,0.12296735495328903,21.880733489990234,0.17393748462200165,0.10564751923084259,0.2421918660402298,15.675108909606934,0.24840618669986725
320,0.07412376254796982,0.12295836210250854,21.838695526123047,0.17413687705993652,0.1058233454823494,0.24339860677719116,15.75451374053955,0.24958667159080505
321,0.0765572264790535,0.12788820266723633,22.287124633789062,0.18173733353614807,0.10635112226009369,0.24512311816215515,15.869733810424805,0.25122174620628357
322,0.07431499660015106,0.12430381029844284,21.19964599609375,0.17645181715488434,0.1040918231010437,0.2410036027431488,15.598821640014648,0.2471843659877777
323,0.07204361259937286,0.12027484178543091,21.044157028198242,0.17025157809257507,0.102707140147686,0.23851102590560913,15.436929702758789,0.2446807622909546
324,0.0724792331457138,0.1205008327960968,20.321691513061523,0.17229613661766052,0.1012844666838646,0.2361297607421875,15.280592918395996,0.24234023690223694
325,0.0734960064291954,0.1246577724814415,23.288082122802734,0.17569012939929962,0.1016923114657402,0.23761682212352753,15.379653930664062,0.24375759065151215
326,0.07355115562677383,0.123725026845932,21.688308715820312,0.1764107048511505,0.09912286698818207,0.23255480825901031,15.047431945800781,0.23878154158592224
327,0.07132869213819504,0.11999819427728653,20.745452880859375,0.1709376722574234,0.100594662129879,0.23640532791614532,15.303154945373535,0.24247460067272186
328,0.07061364501714706,0.11905333399772644,19.711551666259766,0.16995660960674286,0.09974532574415207,0.23519368469715118,15.224024772644043,0.24127061665058136
329,0.07151978462934494,0.12112623453140259,20.22353172302246,0.17333517968654633,0.09843655675649643,0.23292402923107147,15.075010299682617,0.2390405684709549
330,0.07203635573387146,0.12387150526046753,21.03011131286621,0.17546965181827545,0.09799936413764954,0.23256920278072357,15.052736282348633,0.23866087198257446
331,0.07164569199085236,0.1225907951593399,21.909090042114258,0.17478175461292267,0.09698425978422165,0.23092445731163025,14.945499420166016,0.23702219128608704
332,0.07027816027402878,0.12061092257499695,20.22245216369629,0.17179271578788757,0.09496066719293594,0.22699487209320068,14.687400817871094,0.23316660523414612
333,0.07082905620336533,0.12047402560710907,20.523433685302734,0.17339709401130676,0.09313595294952393,0.22335918247699738,14.449796676635742,0.22956432402133942
334,0.07028163224458694,0.12221454083919525,21.84366798400879,0.1730470210313797,0.09524226933717728,0.22878898680210114,14.808130264282227,0.2348400503396988
335,0.07062039524316788,0.12306763976812363,21.032167434692383,0.1750929206609726,0.09434082359075546,0.22758369147777557,14.728008270263672,0.23368442058563232
336,0.07029896974563599,0.12229510396718979,20.694454193115234,0.17484523355960846,0.09422251582145691,0.22781461477279663,14.745057106018066,0.23385374248027802
337,0.07006100565195084,0.12226366996765137,20.808429718017578,0.17446300387382507,0.08972526341676712,0.21788708865642548,14.092628479003906,0.2241317480802536
338,0.0694408118724823,0.12124144285917282,20.075546264648438,0.17305968701839447,0.09150749444961548,0.22254440188407898,14.402349472045898,0.22857901453971863
339,0.06924173980951309,0.12143846601247787,21.740478515625,0.1732698529958725,0.0910620465874672,0.22222216427326202,14.380802154541016,0.22827433049678802
340,0.0681922510266304,0.12058382481336594,20.701398849487305,0.17125076055526733,0.09185149520635605,0.22471801936626434,14.545217514038086,0.23070858418941498
341,0.06878407299518585,0.12142667174339294,20.330142974853516,0.1738930493593216,0.09119005501270294,0.22394977509975433,14.493552207946777,0.22999069094657898
342,0.06839823722839355,0.12208190560340881,20.987590789794922,0.17331913113594055,0.0911867544054985,0.22434650361537933,14.522311210632324,0.23029862344264984
343,0.06890987604856491,0.12447324395179749,21.278146743774414,0.17554976046085358,0.09003882110118866,0.22238531708717346,14.392559051513672,0.2284025102853775
344,0.06741613149642944,0.12071041017770767,19.53191566467285,0.17168186604976654,0.08845346421003342,0.21911153197288513,14.179962158203125,0.22511842846870422
345,0.0683479979634285,0.12267997115850449,20.157381057739258,0.1749187558889389,0.08667226880788803,0.2154017686843872,13.936179161071777,0.2214857041835785
346,0.0677734836935997,0.12253325432538986,20.865026473999023,0.17355917394161224,0.0865192785859108,0.21554800868034363,13.947166442871094,0.22158750891685486
347,0.06667426228523254,0.12058202177286148,20.14825439453125,0.1709761917591095,0.08513136953115463,0.21276038885116577,13.764854431152344,0.21883276104927063
348,0.06798450648784637,0.12281466275453568,20.451974868774414,0.17548345029354095,0.08516160398721695,0.21343471109867096,13.8096923828125,0.219476580619812
349,0.06761971116065979,0.12190042436122894,19.956369400024414,0.17506824433803558,0.08557926118373871,0.21496345102787018,13.911223411560059,0.22094103693962097
350,0.06773475557565689,0.12178519368171692,19.962677001953125,0.17598268389701843,0.0845138356089592,0.21292805671691895,13.778063774108887,0.21892984211444855
351,0.06613308191299438,0.12076368182897568,20.015230178833008,0.1716308444738388,0.08273087441921234,0.20903053879737854,13.523402214050293,0.21507281064987183
352,0.06499970704317093,0.11812938004732132,20.351980209350586,0.16917045414447784,0.08314858376979828,0.2108580768108368,13.64286994934082,0.21687829494476318
353,0.06471800804138184,0.1195380762219429,20.527902603149414,0.16907137632369995,0.08505537360906601,0.21604476869106293,13.985224723815918,0.22191119194030762
354,0.06482505053281784,0.11908716708421707,20.513376235961914,0.1702832728624344,0.08284200727939606,0.21122343838214874,13.66769027709961,0.2172120362520218
355,0.06600015610456467,0.12107130140066147,19.947790145874023,0.17401964962482452,0.08286416530609131,0.21172015368938446,13.702165603637695,0.21764308214187622
356,0.06646888703107834,0.12366324663162231,20.0062313079834,0.1759050041437149,0.08063822239637375,0.20671989023685455,13.374043464660645,0.2127368003129959
357,0.06527407467365265,0.12070069462060928,20.649106979370117,0.17286746203899384,0.08051660656929016,0.2067982405424118,13.380743026733398,0.21276816725730896
358,0.06396310776472092,0.1197327971458435,20.09084129333496,0.1698445826768875,0.08091223239898682,0.20850969851016998,13.493425369262695,0.21443481743335724
359,0.06450905650854111,0.11969783902168274,20.327878952026367,0.17210601270198822,0.08099977672100067,0.20931607484817505,13.547162055969238,0.21520020067691803
360,0.06495508551597595,0.12194042652845383,19.962879180908203,0.17373163998126984,0.07798276841640472,0.20224878191947937,13.081744194030762,0.20832020044326782
361,0.06361246854066849,0.11875305324792862,20.517681121826172,0.16998440027236938,0.07915504276752472,0.20562569797039032,13.306317329406738,0.2115408182144165
362,0.06448787450790405,0.12126410007476807,21.118019104003906,0.17369864881038666,0.07863127440214157,0.20500117540359497,13.264745712280273,0.21094559133052826
363,0.06572836637496948,0.12524883449077606,20.483449935913086,0.17751583456993103,0.07717954367399216,0.2016856074333191,13.04898738861084,0.20763958990573883
364,0.06178499758243561,0.11786729842424393,19.6895694732666,0.166639044880867,0.0770256444811821,0.20190496742725372,13.063973426818848,0.20783741772174835
365,0.064529649913311,0.12262071669101715,19.336782455444336,0.17534849047660828,0.07738076895475388,0.20325858891010284,13.153371810913086,0.20914830267429352
366,0.06393568217754364,0.12046018242835999,19.662303924560547,0.17368781566619873,0.07499585300683975,0.1975141018629074,12.776798248291016,0.2035059630870819
367,0.06248844787478447,0.12012781947851181,20.8459529876709,0.17021669447422028,0.07591625303030014,0.2004580795764923,12.970925331115723,0.20636309683322906
368,0.06199634447693825,0.11906903237104416,19.390018463134766,0.1693715751171112,0.07544563710689545,0.19985470175743103,12.931445121765137,0.20576737821102142
369,0.06358759850263596,0.1207653060555458,19.472511291503906,0.1747187376022339,0.07584633678197861,0.20139038562774658,13.03317928314209,0.2072434276342392
370,0.06208712235093117,0.11892072856426239,18.84572410583496,0.17065568268299103,0.07383012771606445,0.19660817086696625,12.719683647155762,0.20254790782928467
371,0.062306709587574005,0.12001936137676239,20.034160614013672,0.1715179979801178,0.0705483928322792,0.18825995922088623,12.170685768127441,0.19441483914852142
372,0.06311348080635071,0.12173844873905182,19.866016387939453,0.17390771210193634,0.07149220257997513,0.19112765789031982,12.36263656616211,0.19710668921470642
373,0.06253328919410706,0.12040971964597702,19.62882423400879,0.17321504652500153,0.07072057574987411,0.189733624458313,12.26953411102295,0.19579070806503296
374,0.06126679852604866,0.11848977208137512,19.058149337768555,0.16988293826580048,0.07101708650588989,0.19106003642082214,12.358552932739258,0.19702725112438202
375,0.06203266605734825,0.12047117948532104,18.97983741760254,0.17295598983764648,0.07130227982997894,0.19241514801979065,12.44701862335205,0.19836707413196564
376,0.060663312673568726,0.11994871497154236,19.90542221069336,0.1695440709590912,0.07133106887340546,0.19304713606834412,12.488924026489258,0.1989722102880478
377,0.06132649630308151,0.12081488221883774,19.932388305664062,0.17193983495235443,0.07112250477075577,0.192874476313591,12.478212356567383,0.19878530502319336
378,0.0601753368973732,0.11903855949640274,20.328641891479492,0.16854070127010345,0.07028104364871979,0.19099850952625275,12.357440948486328,0.19687999784946442
379,0.05973557010293007,0.11966478079557419,20.18866729736328,0.16822901368141174,0.07132936269044876,0.19428369402885437,12.572511672973633,0.20011457800865173
380,0.05935364216566086,0.11943875998258591,20.14147186279297,0.1671924889087677,0.06993608921766281,0.1911148577928543,12.364545822143555,0.1970091611146927
381,0.0601988285779953,0.11834190785884857,19.625354766845703,0.17042535543441772,0.0692763701081276,0.18978041410446167,12.278233528137207,0.19566664099693298
382,0.06050790846347809,0.12044236809015274,20.656272888183594,0.17161190509796143,0.07032719999551773,0.1932268887758255,12.504692077636719,0.19903072714805603
383,0.060412030667066574,0.12013962119817734,20.329757690429688,0.17214703559875488,0.06785571575164795,0.18694084882736206,12.091570854187012,0.1928977519273758
384,0.0595286563038826,0.11996661126613617,20.327287673950195,0.16976749897003174,0.06851432472467422,0.18922577798366547,12.24239730834961,0.19510525465011597
385,0.05972888693213463,0.12023969739675522,18.50735855102539,0.17065101861953735,0.0674237385392189,0.18648464977741241,12.06404972076416,0.1923815757036209
386,0.05909806489944458,0.11855342984199524,19.424152374267578,0.1691046953201294,0.06699015200138092,0.18577465415000916,12.018625259399414,0.19165082275867462
387,0.05843927711248398,0.11949402838945389,19.00288963317871,0.16798830032348633,0.0671582743525505,0.1866806000471115,12.07825756072998,0.19253088533878326
388,0.059693168848752975,0.12009257823228836,19.16223907470703,0.17177562415599823,0.06469936668872833,0.1802552044391632,11.656435012817383,0.18625634908676147
389,0.05875549465417862,0.11789107322692871,19.78221321105957,0.16947540640830994,0.0634739026427269,0.17718610167503357,11.454845428466797,0.18326491117477417
390,0.05840231850743294,0.11772839725017548,18.447843551635742,0.16867980360984802,0.0642407014966011,0.17973856627941132,11.625144004821777,0.18567368388175964
391,0.0586191788315773,0.11813466995954514,18.816635131835938,0.17004753649234772,0.06419146060943604,0.18017242848873138,11.653310775756836,0.18610456585884094
392,0.05850212275981903,0.11903170496225357,19.29953384399414,0.17016369104385376,0.06391765177249908,0.1798900067806244,11.634177207946777,0.18584685027599335
393,0.059764280915260315,0.12076448649168015,19.313722610473633,0.17395752668380737,0.06390829384326935,0.18025031685829163,11.658968925476074,0.18616656959056854
394,0.05767063423991203,0.11798298358917236,19.436172485351562,0.16870027780532837,0.06388085335493088,0.18074972927570343,11.691783905029297,0.18665026128292084
395,0.05841178447008133,0.1195884644985199,19.705142974853516,0.1708691269159317,0.06287483125925064,0.1782592386007309,11.52784538269043,0.18423616886138916
396,0.058074261993169785,0.11853164434432983,19.536373138427734,0.1701938956975937,0.06318549066781998,0.1794911026954651,11.61044692993164,0.18538585305213928
397,0.057264287024736404,0.11768776923418045,20.771398544311523,0.16861219704151154,0.0637025460600853,0.1814851462841034,11.741837501525879,0.1873183399438858
398,0.05853027477860451,0.11910290271043777,18.447675704956055,0.172771155834198,0.06435519456863403,0.18381910026073456,11.894759178161621,0.18960727751255035
399,0.056385479867458344,0.11675514280796051,18.334972381591797,0.16712869703769684,0.06312895566225052,0.18078836798667908,11.695874214172363,0.1866428405046463
400,0.05767938867211342,0.12043934315443039,19.310453414916992,0.17086166143417358,0.06143784523010254,0.17587880790233612,11.375463485717773,0.18180260062217712
401,0.0579698421061039,0.1201774999499321,19.509469985961914,0.1721726655960083,0.06100531294941902,0.17518950998783112,11.330424308776855,0.1811184287071228
402,0.056257929652929306,0.116287961602211,19.485382080078125,0.16762061417102814,0.06233098730444908,0.17960909008979797,11.622214317321777,0.1853833943605423
403,0.057005494832992554,0.1190246120095253,18.308013916015625,0.17023399472236633,0.06077830493450165,0.17541570961475372,11.345636367797852,0.18132919073104858
404,0.05678006634116173,0.11836954206228256,19.623796463012695,0.1700698435306549,0.061773255467414856,0.17892886698246002,11.576558113098145,0.18474546074867249
405,0.05730507895350456,0.11895499378442764,19.63364601135254,0.17155936360359192,0.05862417817115784,0.16989199817180634,10.982978820800781,0.17594590783119202
406,0.05711173638701439,0.1198551282286644,18.936138153076172,0.17111565172672272,0.058187998831272125,0.1689148098230362,10.921796798706055,0.17490483820438385
407,0.05793356895446777,0.12297187745571136,20.21350860595703,0.17404945194721222,0.06175855174660683,0.1797875016927719,11.638246536254883,0.18543626368045807
408,0.0556638166308403,0.11824958771467209,18.961271286010742,0.1680859625339508,0.06039630249142647,0.176452174782753,11.41567325592041,0.18228425085544586
409,0.056451428681612015,0.1178867518901825,19.671127319335938,0.17030130326747894,0.059229809790849686,0.17328225076198578,11.209253311157227,0.17913958430290222
410,0.05636225640773773,0.11967024952173233,19.128559112548828,0.17097221314907074,0.0586756207048893,0.17215506732463837,11.134925842285156,0.17805065214633942
411,0.057450294494628906,0.12212762236595154,20.9747314453125,0.17397478222846985,0.05819975212216377,0.17114007472991943,11.068524360656738,0.17705538868904114
412,0.055789776146411896,0.11919379979372025,19.917831420898438,0.1697048395872116,0.05943205952644348,0.17511069774627686,11.332024574279785,0.18084420263767242
413,0.054426856338977814,0.11646318435668945,18.80540657043457,0.16615432500839233,0.05828407406806946,0.17212626338005066,11.135298728942871,0.17795783281326294
414,0.055417951196432114,0.11891420930624008,18.775028228759766,0.16933521628379822,0.05707700923085213,0.168828547000885,10.919367790222168,0.17472635209560394
415,0.05539265647530556,0.11808279156684875,19.330747604370117,0.16946299374103546,0.054911378771066666,0.16232441365718842,10.492679595947266,0.16839173436164856
416,0.05404176190495491,0.1161571741104126,18.828943252563477,0.16587026417255402,0.05643485113978386,0.16757655143737793,10.839482307434082,0.17344246804714203
417,0.05571834743022919,0.11990975588560104,20.169204711914062,0.17127186059951782,0.05645189434289932,0.16792549192905426,10.861939430236816,0.17379583418369293
418,0.055845219641923904,0.11966102570295334,19.555255889892578,0.17186282575130463,0.055893462151288986,0.16658413410186768,10.775232315063477,0.17245152592658997
419,0.05473295971751213,0.11817450821399689,18.531892776489258,0.1687617003917694,0.05572771281003952,0.16661392152309418,10.77637767791748,0.17250092327594757
420,0.052708759903907776,0.11462608724832535,19.278818130493164,0.16330483555793762,0.05544824153184891,0.16610442101955414,10.743929862976074,0.17197644710540771
421,0.054323211312294006,0.11725375056266785,19.232526779174805,0.16881859302520752,0.054551754146814346,0.1637849509716034,10.590571403503418,0.16974802315235138
422,0.05390862375497818,0.11729615181684494,18.745779037475586,0.1673554629087448,0.05330589413642883,0.160166397690773,10.353782653808594,0.16620934009552002
423,0.05254332721233368,0.11499935388565063,18.045711517333984,0.16391786932945251,0.052794430404901505,0.15894046425819397,10.273571014404297,0.16500984132289886
424,0.055976610630750656,0.12034296989440918,18.977766036987305,0.17405672371387482,0.05355509743094444,0.16159066557884216,10.450143814086914,0.16751064360141754
425,0.05432755872607231,0.11868332326412201,18.038719177246094,0.16979895532131195,0.05418957769870758,0.16390542685985565,10.602981567382812,0.16973918676376343
426,0.05473972111940384,0.11910562962293625,18.821632385253906,0.17145301401615143,0.05299680307507515,0.16074632108211517,10.393486022949219,0.16672499477863312
427,0.053654156625270844,0.11816855520009995,19.626596450805664,0.1681644171476364,0.05300398916006088,0.16107214987277985,10.416258811950684,0.1670043021440506
428,0.053790491074323654,0.11906810104846954,19.085664749145508,0.16911256313323975,0.05217275768518448,0.15865693986415863,10.257601737976074,0.1646583080291748
429,0.05486363545060158,0.1195056289434433,18.671445846557617,0.1724005937576294,0.05320959538221359,0.16251477599143982,10.511170387268066,0.1684020608663559
430,0.052669696509838104,0.11688926815986633,18.5561580657959,0.1669420748949051,0.0541277639567852,0.16587211191654205,10.731422424316406,0.17166993021965027
431,0.053041644394397736,0.1181502565741539,18.6811466217041,0.16789312660694122,0.05238449200987816,0.16060344874858856,10.384783744812012,0.16657109558582306
432,0.05193575471639633,0.11708009988069534,18.643627166748047,0.1651868373155594,0.05457587540149689,0.16790540516376495,10.866713523864746,0.17360205948352814
433,0.05315128341317177,0.11882385611534119,19.561656951904297,0.16955438256263733,0.05425694212317467,0.16741706430912018,10.831772804260254,0.17320559918880463
434,0.05366392806172371,0.11971500515937805,19.863428115844727,0.17074553668498993,0.055099815130233765,0.17009693384170532,11.010583877563477,0.17574290931224823
435,0.05291471630334854,0.11745856702327728,18.588523864746094,0.16901183128356934,0.05390550196170807,0.1667834371328354,10.793314933776855,0.1725032925605774
436,0.05271932855248451,0.11704917252063751,18.579404830932617,0.16837577521800995,0.05211561173200607,0.1615666151046753,10.45163345336914,0.16740202903747559
437,0.052123814821243286,0.11771739274263382,19.304475784301758,0.16729877889156342,0.0525793731212616,0.16326317191123962,10.563409805297852,0.16904260218143463
438,0.05225135013461113,0.11819672584533691,18.452411651611328,0.1676955372095108,0.051896851509809494,0.16165165603160858,10.458332061767578,0.16745151579380035
439,0.05299202725291252,0.1180756464600563,17.986783981323242,0.17053668200969696,0.05179058015346527,0.16183385252952576,10.46897029876709,0.1676635444164276
440,0.05240302160382271,0.11753502488136292,17.802228927612305,0.1690066009759903,0.05130452290177345,0.16060341894626617,10.389552116394043,0.16642799973487854
441,0.05310142785310745,0.12103120237588882,19.321077346801758,0.17122764885425568,0.05176673084497452,0.16231843829154968,10.502433776855469,0.16808904707431793
442,0.05208735913038254,0.11799738556146622,19.459096908569336,0.1685781329870224,0.0511058010160923,0.16029490530490875,10.370660781860352,0.1660948246717453
443,0.05205303803086281,0.11746565997600555,19.068321228027344,0.1681547462940216,0.047980766743421555,0.15058834850788116,9.7330322265625,0.1566772162914276
444,0.05251837894320488,0.11815496534109116,18.613563537597656,0.17006149888038635,0.04750622808933258,0.14915068447589874,9.63884449005127,0.15528081357479095
445,0.051457397639751434,0.11655231565237045,18.320932388305664,0.16720961034297943,0.04768417775630951,0.15022075176239014,9.71049690246582,0.15627463161945343
446,0.04979846999049187,0.11470024287700653,18.141061782836914,0.16261568665504456,0.04753759503364563,0.1499897539615631,9.695171356201172,0.15605925023555756
447,0.0507771298289299,0.1162605807185173,18.720529556274414,0.1661204844713211,0.04855160415172577,0.1537354737520218,9.942545890808105,0.15965160727500916
448,0.0508761890232563,0.11722293496131897,18.944290161132812,0.16644077003002167,0.04791606590151787,0.15208417177200317,9.833078384399414,0.1580752432346344
449,0.05092987045645714,0.11784050613641739,18.28573226928711,0.16726763546466827,0.04898105934262276,0.15591906011104584,10.085744857788086,0.16177153587341309
450,0.051551952958106995,0.11732853949069977,18.5067195892334,0.16936860978603363,0.04801558703184128,0.1529768854379654,9.892083168029785,0.15893153846263885
451,0.05012102425098419,0.11682593822479248,18.548789978027344,0.1651080697774887,0.04654492810368538,0.14822059869766235,9.5805082321167,0.1543000489473343
452,0.0510622039437294,0.11841246485710144,17.89908218383789,0.16775240004062653,0.04521986097097397,0.14389191567897797,9.298797607421875,0.15004023909568787
453,0.050663020461797714,0.11732026189565659,18.028091430664062,0.16720733046531677,0.04624008759856224,0.14790119230747223,9.562103271484375,0.1539173722267151
454,0.051584016531705856,0.11886871606111526,18.664653778076172,0.17036369442939758,0.04656756669282913,0.1494186818599701,9.661341667175293,0.1553991436958313
455,0.0505545549094677,0.11711426824331284,19.00308609008789,0.1675657331943512,0.04748888313770294,0.15273337066173553,9.88125228881836,0.15855182707309723
456,0.05065407231450081,0.11715986579656601,18.35410499572754,0.16828398406505585,0.04683474451303482,0.15096034109592438,9.762970924377441,0.15688280761241913
457,0.05084953457117081,0.1192030981183052,18.690088272094727,0.16888238489627838,0.047475382685661316,0.1534729301929474,9.927659034729004,0.15932820737361908
458,0.05021808668971062,0.11816345155239105,18.687545776367188,0.1671782284975052,0.045409366488456726,0.1469874083995819,9.500679969787598,0.15307176113128662
459,0.050681114196777344,0.11887984722852707,18.80683135986328,0.16893614828586578,0.045706067234277725,0.14800478518009186,9.569608688354492,0.15400564670562744
460,0.05023061856627464,0.11644525080919266,17.791837692260742,0.1679486185312271,0.04565927013754845,0.14804022014141083,9.57337760925293,0.15399523079395294
461,0.04954870790243149,0.11564721912145615,19.738832473754883,0.16583973169326782,0.04536459594964981,0.14747993648052216,9.537622451782227,0.15342365205287933
462,0.05040903389453888,0.11828318983316422,18.229219436645508,0.16891257464885712,0.04530623182654381,0.1476452648639679,9.54787826538086,0.15359701216220856
463,0.04985153675079346,0.11638461798429489,18.204030990600586,0.16755610704421997,0.04414881393313408,0.1439415067434311,9.304644584655762,0.15001218020915985
464,0.05139496922492981,0.1204724982380867,18.293643951416016,0.17218823730945587,0.044210489839315414,0.14419011771678925,9.322859764099121,0.15020965039730072
465,0.049727171659469604,0.11724831908941269,18.02716064453125,0.1679050773382187,0.04534541070461273,0.14881952106952667,9.624995231628418,0.15473780035972595
466,0.05134288966655731,0.11961152404546738,19.778961181640625,0.17278839647769928,0.044629424810409546,0.14645694196224213,9.47027587890625,0.15243926644325256
467,0.049205467104911804,0.11602586507797241,17.79587745666504,0.16650213301181793,0.04568382725119591,0.15055127441883087,9.740303993225098,0.15637943148612976
468,0.049413032829761505,0.11742638051509857,19.209373474121094,0.1674213409423828,0.047844298183918,0.15809035301208496,10.23501205444336,0.16370098292827606
469,0.04876197129487991,0.11680804193019867,18.42422866821289,0.16583606600761414,0.045916300266981125,0.15207427740097046,9.838468551635742,0.15790224075317383
470,0.048591721802949905,0.1162017434835434,18.613435745239258,0.16566281020641327,0.045203883200883865,0.14968916773796082,9.683412551879883,0.1555430293083191
471,0.04904251918196678,0.11718373745679855,18.955490112304688,0.16711243987083435,0.04329930245876312,0.14365342259407043,9.286808967590332,0.14970189332962036
472,0.050671059638261795,0.12021910399198532,18.31289291381836,0.17218641936779022,0.04521981254220009,0.15032200515270233,9.72777271270752,0.15608645975589752
473,0.04911782965064049,0.11711253970861435,18.092384338378906,0.16821233928203583,0.04477407783269882,0.1493428349494934,9.660945892333984,0.15519742667675018
474,0.050527751445770264,0.12060774862766266,18.470542907714844,0.17156460881233215,0.04448403790593147,0.1484455168247223,9.60517692565918,0.15424589812755585
475,0.05036771669983864,0.11825606971979141,17.18450927734375,0.17222633957862854,0.04380219057202339,0.14629873633384705,9.463526725769043,0.1521853804588318
476,0.04879407212138176,0.117103710770607,18.29425048828125,0.16731268167495728,0.0424325168132782,0.14179159700870514,9.1671724319458,0.1478385329246521
477,0.047962140291929245,0.11562169343233109,18.0468692779541,0.1648327261209488,0.041510019451379776,0.1387854516506195,8.972023010253906,0.14486105740070343
478,0.048906441777944565,0.11689530313014984,18.043479919433594,0.16809062659740448,0.04054206609725952,0.13508933782577515,8.729778289794922,0.14127078652381897
479,0.04959755390882492,0.11815434694290161,19.265275955200195,0.17030927538871765,0.040945008397102356,0.1372368186712265,8.870763778686523,0.1433454304933548
480,0.04922330006957054,0.11928772926330566,20.19072914123535,0.16917039453983307,0.041067469865083694,0.13777533173561096,8.906286239624023,0.1438671499490738
481,0.04791584610939026,0.1160135269165039,18.132219314575195,0.16582362353801727,0.04107344523072243,0.1382174789905548,8.936580657958984,0.14425306022167206
482,0.04789883643388748,0.1150587797164917,17.82101058959961,0.1661524772644043,0.040804143995046616,0.1376020461320877,8.8948392868042,0.14370223879814148
483,0.04792196676135063,0.11709211766719818,18.81650733947754,0.16659760475158691,0.042876385152339935,0.14555370807647705,9.415725708007812,0.15143273770809174
484,0.048239815980196,0.11749636381864548,18.476238250732422,0.1678416132926941,0.04378364980220795,0.14847137033939362,9.610485076904297,0.15418285131454468
485,0.04770651087164879,0.11524764448404312,17.49738121032715,0.16641521453857422,0.04098934680223465,0.13910993933677673,8.994020462036133,0.1451554149389267
486,0.04847876727581024,0.11799610406160355,18.581205368041992,0.16839401423931122,0.04129742830991745,0.1403937041759491,9.08081340789795,0.1463412046432495
487,0.048312291502952576,0.11865844577550888,18.168502807617188,0.1686709225177765,0.0409868061542511,0.1394909918308258,9.020513534545898,0.14548544585704803
488,0.04759560152888298,0.11622369289398193,19.18707847595215,0.16636145114898682,0.03890356048941612,0.1323760747909546,8.55202865600586,0.13862575590610504
489,0.04655612260103226,0.11442653834819794,17.462268829345703,0.16405387222766876,0.04107855632901192,0.14085038006305695,9.109360694885254,0.14681124687194824
490,0.047820329666137695,0.11785513907670975,17.959049224853516,0.16787920892238617,0.0409243069589138,0.14015278220176697,9.064250946044922,0.1461239904165268
491,0.04775131493806839,0.11572287231683731,17.735591888427734,0.167705699801445,0.04230242222547531,0.14589624106884003,9.440522193908691,0.15169721841812134
492,0.047118134796619415,0.11680711805820465,18.4625244140625,0.16656503081321716,0.04252644628286362,0.1467854082584381,9.496866226196289,0.1526176482439041
493,0.04691587761044502,0.11688431352376938,18.65144157409668,0.16534574329853058,0.04218588396906853,0.14567850530147552,9.42775821685791,0.1514524221420288
494,0.04710761457681656,0.1159333884716034,18.595874786376953,0.16607539355754852,0.04133050888776779,0.14250284433364868,9.220796585083008,0.14834566414356232
495,0.04719260707497597,0.11658398807048798,19.15935707092285,0.16637305915355682,0.039946939796209335,0.1380937695503235,8.931177139282227,0.14405302703380585
496,0.04893658310174942,0.11887574195861816,18.158977508544922,0.17209568619728088,0.03951383754611015,0.13658617436885834,8.83336067199707,0.14256063103675842
497,0.04653684049844742,0.11632528156042099,18.147157669067383,0.16524115204811096,0.039974842220544815,0.13858328759670258,8.965425491333008,0.1444711685180664
498,0.04729856178164482,0.11769075691699982,18.08330726623535,0.16809779405593872,0.038457777351140976,0.1334741860628128,8.625266075134277,0.139656201004982
499,0.04760565236210823,0.11817499995231628,18.398181915283203,0.1688753366470337,0.0410030223429203,0.14283514022827148,9.244657516479492,0.14860183000564575
500,0.047995127737522125,0.11829458177089691,18.366512298583984,0.17030058801174164,0.03988434001803398,0.1390513926744461,8.993908882141113,0.14499181509017944
501,0.04589400812983513,0.11478500068187714,18.173812866210938,0.1638754904270172,0.038289543241262436,0.13336017727851868,8.622638702392578,0.13939817249774933
502,0.047608379274606705,0.11820513755083084,18.925827026367188,0.16925102472305298,0.03855357691645622,0.13470175862312317,8.709975242614746,0.1407165825366974
503,0.04615965113043785,0.11593847721815109,17.777528762817383,0.164946049451828,0.036686912178993225,0.12763355672359467,8.246955871582031,0.13384871184825897
504,0.046982306987047195,0.11624571681022644,17.89313507080078,0.16748936474323273,0.03505474328994751,0.12119751423597336,7.823883056640625,0.1276269555091858
505,0.04793420806527138,0.11913305521011353,18.585594177246094,0.17056752741336823,0.036831505596637726,0.12871645390987396,8.320374488830566,0.13482151925563812
506,0.0466240718960762,0.11596328020095825,17.40253448486328,0.16705021262168884,0.0352749340236187,0.12279742956161499,7.930164813995361,0.129135861992836
507,0.04746348410844803,0.11934008449316025,18.285037994384766,0.16955937445163727,0.03664994239807129,0.12844060361385345,8.303130149841309,0.13453339040279388
508,0.04765624552965164,0.11950939893722534,17.84642219543457,0.1703532189130783,0.034845609217882156,0.12154413759708405,7.847938537597656,0.12792164087295532
509,0.04694245755672455,0.11761541664600372,19.01532745361328,0.168404221534729,0.035626523196697235,0.1248936727643013,8.06947135925293,0.13110937178134918
510,0.047201383858919144,0.11689119786024094,17.06657600402832,0.16945792734622955,0.03536006063222885,0.1240265816450119,8.013243675231934,0.13024920225143433
511,0.04710006341338158,0.11739546060562134,17.521652221679688,0.1692972481250763,0.03740021958947182,0.132286936044693,8.557114601135254,0.13822826743125916
512,0.04684808477759361,0.11831414699554443,18.57921028137207,0.168876051902771,0.036610208451747894,0.1297808140516281,8.388922691345215,0.13589473068714142
513,0.04660293459892273,0.11800351738929749,19.296096801757812,0.16801761090755463,0.03482284024357796,0.1228417381644249,7.933281898498535,0.12917795777320862
514,0.044835414737463,0.11479441821575165,17.15166473388672,0.16303282976150513,0.0340142659842968,0.11961968243122101,7.721189498901367,0.12608473002910614
515,0.04560810700058937,0.11540821194648743,17.04905128479004,0.16568557918071747,0.03667808696627617,0.1307959258556366,8.458508491516113,0.13679319620132446
516,0.04570147395133972,0.11657441407442093,17.6062068939209,0.16626302897930145,0.03650108352303505,0.13054589927196503,8.43863582611084,0.13665203750133514
517,0.0463232696056366,0.11833836883306503,18.499502182006836,0.16848604381084442,0.0387517586350441,0.1392073929309845,9.00897216796875,0.14500029385089874
518,0.04628031328320503,0.11790089309215546,18.632247924804688,0.16857649385929108,0.03849516808986664,0.13863950967788696,8.96957778930664,0.14450538158416748
519,0.04515902325510979,0.11617915332317352,18.340084075927734,0.16520445048809052,0.038043346256017685,0.13693690299987793,8.859051704406738,0.1428196132183075
520,0.048616182059049606,0.12178297340869904,20.02233123779297,0.17504103481769562,0.035587698221206665,0.12785786390304565,8.262746810913086,0.1340269297361374
521,0.045891810208559036,0.11766806989908218,17.81861686706543,0.1671217530965805,0.0363040566444397,0.13096831738948822,8.469437599182129,0.1369677037000656
522,0.04524658992886543,0.11630374938249588,18.192745208740234,0.16609381139278412,0.03641963005065918,0.13165180385112762,8.513619422912598,0.13765408098697662
523,0.0451790876686573,0.11567741632461548,17.619524002075195,0.1659606397151947,0.036733318120241165,0.13274067640304565,8.585467338562012,0.13869954645633698
524,0.04495431110262871,0.11505857855081558,17.80699920654297,0.16465747356414795,0.033648740500211716,0.12092210352420807,7.808635234832764,0.12727133929729462
525,0.0447036512196064,0.11579424142837524,17.99600601196289,0.16501197218894958,0.03697161749005318,0.1341729611158371,8.681610107421875,0.1400262862443924
526,0.045802418142557144,0.11760908365249634,18.132488250732422,0.16849270462989807,0.03673956170678139,0.1334543377161026,8.635098457336426,0.13931378722190857
527,0.04390771687030792,0.11518880724906921,18.072938919067383,0.16289420425891876,0.03584862872958183,0.13033512234687805,8.428360939025879,0.13633938133716583
528,0.0460922010242939,0.11818790435791016,18.4426212310791,0.1689651757478714,0.03373470529913902,0.12191183865070343,7.875639915466309,0.12816613912582397
529,0.046056076884269714,0.11872980743646622,18.047182083129883,0.1690029352903366,0.03383283689618111,0.12275545299053192,7.933777809143066,0.1288980096578598
530,0.04443354532122612,0.11651884764432907,18.217031478881836,0.16492173075675964,0.03632944077253342,0.1325925588607788,8.580230712890625,0.13843487203121185
531,0.04440249502658844,0.11499477177858353,17.498329162597656,0.16515299677848816,0.035448070615530014,0.12982545793056488,8.397327423095703,0.13577142357826233
532,0.04523687809705734,0.11711544543504715,18.156749725341797,0.16773715615272522,0.036519553512334824,0.13408508896827698,8.676942825317383,0.13991013169288635
533,0.04472607374191284,0.11693383753299713,17.889835357666016,0.1665247231721878,0.03558977693319321,0.13078531622886658,8.457716941833496,0.13678017258644104
534,0.044518131762742996,0.11507585644721985,18.279356002807617,0.16514761745929718,0.032233014702796936,0.1172296330332756,7.5675883293151855,0.1236729696393013
535,0.04521035775542259,0.11774668097496033,17.99224090576172,0.16781096160411835,0.03255840763449669,0.11860021948814392,7.659696102142334,0.12492561340332031
536,0.045292194932699203,0.11617603898048401,17.23296546936035,0.16798721253871918,0.03222209960222244,0.11767571419477463,7.599715709686279,0.12400498241186142
537,0.04493216425180435,0.11615361273288727,17.64002799987793,0.1675458550453186,0.03296676278114319,0.1212124228477478,7.831615924835205,0.12742839753627777
538,0.04657246917486191,0.11883826553821564,19.339448928833008,0.17221158742904663,0.03366312012076378,0.12392909824848175,8.010250091552734,0.13005252182483673
539,0.043948933482170105,0.11502120643854141,18.225074768066406,0.16399189829826355,0.03131057694554329,0.11413778364658356,7.370377540588379,0.1205078586935997
540,0.044107209891080856,0.11567045003175735,17.685049057006836,0.1651422083377838,0.031390491873025894,0.11493667215108871,7.423186779022217,0.12126762419939041
541,0.04476113244891167,0.11818559467792511,17.30965232849121,0.1676127165555954,0.033847127109766006,0.12548545002937317,8.114945411682129,0.13148467242717743
542,0.04579048231244087,0.11787743866443634,17.87350082397461,0.17076173424720764,0.033188626170158386,0.12333549559116364,7.970556259155273,0.12949374318122864
543,0.044086020439863205,0.11726260930299759,18.56646156311035,0.1656472384929657,0.03419698029756546,0.1274249106645584,8.240674018859863,0.1334134191274643
544,0.04449043795466423,0.11606849730014801,17.280492782592773,0.16706709563732147,0.03334205225110054,0.12414228171110153,8.027017593383789,0.13017144799232483
545,0.04477343335747719,0.11704976856708527,18.146198272705078,0.1682119071483612,0.03227461501955986,0.11992111802101135,7.746754169464111,0.12618130445480347
546,0.044036898761987686,0.11568183451890945,17.30558967590332,0.16538956761360168,0.03185509890317917,0.11858019232749939,7.660261631011963,0.12484079599380493
547,0.044392216950654984,0.11633943766355515,18.06365394592285,0.16698990762233734,0.032343342900276184,0.12077939510345459,7.805456638336182,0.12694042921066284
548,0.0442739836871624,0.11721949279308319,18.741342544555664,0.16704876720905304,0.032923392951488495,0.12337596714496613,7.973872661590576,0.1295221745967865
549,0.04415973648428917,0.11564125120639801,17.475833892822266,0.16687509417533875,0.03153027966618538,0.11769290268421173,7.600729465484619,0.12402206659317017
550,0.04290678724646568,0.11451231688261032,17.444406509399414,0.16287101805210114,0.0317196249961853,0.11870359629392624,7.668339252471924,0.1249612495303154
551,0.04380438104271889,0.11456381529569626,17.37592124938965,0.16594421863555908,0.031069982796907425,0.1160113736987114,7.4942193031311035,0.122286356985569
552,0.04395853728055954,0.1158701553940773,19.635543823242188,0.16639050841331482,0.030739452689886093,0.1149539202451706,7.424555778503418,0.121275395154953
553,0.04347901791334152,0.11503757536411285,17.941564559936523,0.16524085402488708,0.03043457120656967,0.11384256929159164,7.3520121574401855,0.12019502371549606
554,0.04413274675607681,0.1170569360256195,17.123676300048828,0.16740171611309052,0.029724406078457832,0.11074203997850418,7.147116184234619,0.11725354939699173
555,0.043005820363759995,0.11443842947483063,16.823484420776367,0.16385193169116974,0.031569913029670715,0.1190289705991745,7.695057392120361,0.12512235343456268
556,0.042713455855846405,0.11551568657159805,17.759000778198242,0.1638997197151184,0.030879253521561623,0.11652842909097672,7.523956775665283,0.1229100301861763
557,0.04361473396420479,0.11650903522968292,17.520849227905273,0.16603302955627441,0.03008244000375271,0.11289286613464355,7.28944206237793,0.11928670108318329
558,0.04304514080286026,0.11471347510814667,17.769079208374023,0.1646089106798172,0.03245466947555542,0.12353158742189407,7.989937782287598,0.1294948160648346
559,0.04305661842226982,0.11559263616800308,17.00019645690918,0.1654076725244522,0.03290138393640518,0.12573027610778809,8.130178451538086,0.13174210488796234
560,0.04280981793999672,0.11505727469921112,17.467647552490234,0.16445447504520416,0.032001420855522156,0.12193067371845245,7.881429672241211,0.12804919481277466
561,0.04371669143438339,0.11681109666824341,17.357057571411133,0.1669023185968399,0.030530067160725594,0.11606495827436447,7.498340129852295,0.12231797724962234
562,0.04248540848493576,0.11489707976579666,16.759521484375,0.16388863325119019,0.02826126478612423,0.10613396018743515,6.843008041381836,0.11289624124765396
563,0.04353759065270424,0.11560603231191635,18.46640396118164,0.16668440401554108,0.029103657230734825,0.11023124307394028,7.1142377853393555,0.11674190312623978
564,0.04251928627490997,0.11583065241575241,17.650772094726562,0.16407130658626556,0.02878500521183014,0.10893590748310089,7.028589248657227,0.11552117764949799
565,0.04278533533215523,0.11490816622972488,17.973386764526367,0.1650136560201645,0.029186774045228958,0.11087102442979813,7.157717704772949,0.11732353270053864
566,0.043172791600227356,0.11561724543571472,18.36591911315918,0.16604764759540558,0.02797412872314453,0.10517178475856781,6.783691883087158,0.11185335367918015
567,0.04246736317873001,0.11484967172145844,18.20854377746582,0.1638067066669464,0.027615664526820183,0.103995680809021,6.707688808441162,0.11069604754447937
568,0.04362794756889343,0.11798636615276337,17.285114288330078,0.1680259108543396,0.028515782207250595,0.10855290293693542,7.005416393280029,0.11509142071008682
569,0.043198179453611374,0.11578870564699173,17.051048278808594,0.16667905449867249,0.028840595856308937,0.11001697927713394,7.1048359870910645,0.11639424413442612
570,0.04329917952418327,0.11600840091705322,17.7398681640625,0.16712304949760437,0.027951911091804504,0.10592639446258545,6.835463523864746,0.11251498013734818
571,0.04219155013561249,0.114467553794384,17.058734893798828,0.16402272880077362,0.02819392830133438,0.10748179256916046,6.938006401062012,0.11397914588451385
572,0.04360659047961235,0.11765274405479431,18.94457244873047,0.16819724440574646,0.02821376733481884,0.10813126713037491,6.9799275398254395,0.11462458968162537
573,0.04236448183655739,0.1153244897723198,18.42767906188965,0.1645311713218689,0.02982664294540882,0.11553456634283066,7.465978145599365,0.12173637747764587
574,0.042138099670410156,0.11473067849874496,17.054338455200195,0.164322629570961,0.030354417860507965,0.11807655543088913,7.632215976715088,0.12420208752155304
575,0.042355213314294815,0.11606331914663315,18.019275665283203,0.1648293286561966,0.028136342763900757,0.10810766369104385,6.978143215179443,0.11460521072149277
576,0.041165657341480255,0.1130041629076004,16.871685028076172,0.16119499504566193,0.027780137956142426,0.10651442408561707,6.876256942749023,0.11300630122423172
577,0.04110769182443619,0.11334823071956635,17.996885299682617,0.16134819388389587,0.027700435370206833,0.10675089061260223,6.890590667724609,0.11326161026954651
578,0.04273805767297745,0.11630987375974655,16.858552932739258,0.16680316627025604,0.028233753517270088,0.10933922231197357,7.059079170227051,0.11578015983104706
579,0.042448852211236954,0.11536240577697754,18.31264305114746,0.16522669792175293,0.02859286218881607,0.11123156547546387,7.1857757568359375,0.11752568185329437
580,0.042113885283470154,0.11542578041553497,18.13188934326172,0.16477082669734955,0.029513655230402946,0.11547034978866577,7.465482711791992,0.12156519293785095
581,0.04196363687515259,0.11559920758008957,17.351661682128906,0.16477848589420319,0.029317941516637802,0.11470871418714523,7.415036201477051,0.12084744870662689
582,0.04194438084959984,0.11590368300676346,18.612882614135742,0.16434748470783234,0.028175339102745056,0.10975757241249084,7.0890021324157715,0.11610730737447739
583,0.042091768234968185,0.11563868075609207,18.585521697998047,0.1649646908044815,0.027957065030932426,0.10924021899700165,7.0569939613342285,0.11555882543325424
584,0.04256605729460716,0.11764361709356308,16.952232360839844,0.1669665277004242,0.028605768457055092,0.11214850842952728,7.245802402496338,0.11841203272342682
585,0.043219879269599915,0.11729560792446136,17.478761672973633,0.16852782666683197,0.025905098766088486,0.09961730986833572,6.423323631286621,0.10642214864492416
586,0.04050930589437485,0.1131364107131958,17.444835662841797,0.16100820899009705,0.026801936328411102,0.10449579358100891,6.740606784820557,0.11116401851177216
587,0.04192999005317688,0.11470023542642593,17.094524383544922,0.16547361016273499,0.02735099382698536,0.10720720887184143,6.92203426361084,0.11366171389818192
588,0.04287028685212135,0.11693331599235535,17.447982788085938,0.16809320449829102,0.027882080525159836,0.10983679443597794,7.095015048980713,0.116165891289711
589,0.04358311742544174,0.11898352205753326,18.02431297302246,0.17057417333126068,0.02868623472750187,0.11371578276157379,7.347519397735596,0.11995165795087814
590,0.04134194925427437,0.11439410597085953,17.207529067993164,0.1638573557138443,0.02757822535932064,0.10884185135364532,7.029329299926758,0.11522010713815689
591,0.04140810668468475,0.11467397212982178,17.813705444335938,0.16435469686985016,0.027317777276039124,0.10796842724084854,6.971911430358887,0.11438396573066711
592,0.04111628979444504,0.11533187329769135,18.168943405151367,0.1633182168006897,0.027902131900191307,0.11091907322406769,7.166720390319824,0.11718175560235977
593,0.0419793501496315,0.11595075577497482,17.563688278198242,0.16645891964435577,0.0275591891258955,0.1094026193022728,7.062437534332275,0.11586810648441315
594,0.041558343917131424,0.11458992958068848,16.770601272583008,0.16451439261436462,0.02863016352057457,0.11429391801357269,7.3923563957214355,0.12031834572553635
595,0.04014662280678749,0.11253903806209564,16.50370979309082,0.16124455630779266,0.02753039263188839,0.10957680642604828,7.076217174530029,0.11596330255270004
596,0.04265997186303139,0.11743468046188354,17.537649154663086,0.16834352910518646,0.02782980166375637,0.11138565838336945,7.1986799240112305,0.11759459227323532
597,0.0415666326880455,0.11509031057357788,17.460153579711914,0.16590772569179535,0.029415013268589973,0.1184837818145752,7.66271448135376,0.1244884580373764
598,0.04141457378864288,0.11575169861316681,17.852994918823242,0.16476428508758545,0.02826106548309326,0.11303772777318954,7.306196689605713,0.11922018975019455
599,0.04271811246871948,0.11803080886602402,18.09058952331543,0.1690065711736679,0.026092616841197014,0.10373993217945099,6.693845748901367,0.1103559136390686
600,0.04186762496829033,0.11734530329704285,18.233789443969727,0.16650575399398804,0.026698162779211998,0.10679171979427338,6.896058082580566,0.11321860551834106
601,0.04085361585021019,0.11494740843772888,17.84161949157715,0.16367357969284058,0.02619318477809429,0.10452665388584137,6.747308731079102,0.11105909943580627
602,0.040426116436719894,0.11491440236568451,19.1214542388916,0.16222529113292694,0.028207534924149513,0.1137847900390625,7.357244491577148,0.11988064646720886
603,0.04149520397186279,0.11628426611423492,17.362333297729492,0.1664033830165863,0.028440482914447784,0.1151864230632782,7.4451518058776855,0.12136280536651611
604,0.041433606296777725,0.11480531096458435,17.046770095825195,0.16596217453479767,0.029039869084954262,0.11790749430656433,7.624294757843018,0.12396176159381866
605,0.04333517327904701,0.11883936822414398,19.29631805419922,0.1711951643228531,0.02856634370982647,0.11617857962846756,7.512301445007324,0.12223678082227707
606,0.040488794445991516,0.11435634642839432,18.378498077392578,0.1629146784543991,0.02717215195298195,0.11002732068300247,7.109203815460205,0.11630284786224365
607,0.04045425355434418,0.114002525806427,17.150352478027344,0.16305197775363922,0.027506187558174133,0.11192493885755539,7.235195159912109,0.11807923018932343
608,0.041299592703580856,0.11707198619842529,17.80049705505371,0.16628845036029816,0.02917894348502159,0.11933593451976776,7.720150947570801,0.1252754032611847
609,0.040537428110837936,0.11406071484088898,17.3103084564209,0.1636628955602646,0.026922643184661865,0.10977013409137726,7.089061737060547,0.11614390462636948
610,0.04065689072012901,0.11464161425828934,17.557785034179688,0.16415390372276306,0.026061872020363808,0.10555321723222733,6.815221309661865,0.11201706528663635
611,0.04108032211661339,0.1153075322508812,17.943130493164062,0.16537059843540192,0.025827111676335335,0.10450691729784012,6.750425338745117,0.11090649664402008
612,0.040506016463041306,0.11594562977552414,16.939699172973633,0.1641472429037094,0.02618369087576866,0.10639137029647827,6.873626232147217,0.11272107809782028
613,0.0415329672396183,0.11622064560651779,16.930469512939453,0.1670108437538147,0.02335447259247303,0.09202539175748825,5.927745819091797,0.09911254048347473
614,0.04075680673122406,0.11552291363477707,18.539573669433594,0.16416305303573608,0.024189019575715065,0.0968053936958313,6.246732234954834,0.10350064188241959
615,0.04031822085380554,0.11476582288742065,16.67766571044922,0.163661390542984,0.024209197610616684,0.09690965712070465,6.253165245056152,0.10361269861459732
616,0.04055674374103546,0.11430617421865463,17.1339054107666,0.16412578523159027,0.023067334666848183,0.09064092487096786,5.842363357543945,0.09762152284383774
617,0.04086757078766823,0.1152864396572113,17.559616088867188,0.16506940126419067,0.021550657227635384,0.08264195919036865,5.316596031188965,0.08996210247278214
618,0.04145151749253273,0.11809021234512329,17.984954833984375,0.16690370440483093,0.02098889835178852,0.07939821481704712,5.104432106018066,0.08682557195425034
619,0.0413823276758194,0.11661548167467117,16.942386627197266,0.16699695587158203,0.023228468373417854,0.09258002042770386,5.972675323486328,0.09938395023345947
620,0.041080016642808914,0.11615089327096939,17.273643493652344,0.1666424423456192,0.02398027293384075,0.09712392836809158,6.265072822570801,0.10387830436229706
621,0.03985025733709335,0.11389368772506714,16.834060668945312,0.162812739610672,0.024250904098153114,0.09867256879806519,6.369359016418457,0.10527414083480835
622,0.0416083000600338,0.11658184975385666,17.147659301757812,0.1686582714319229,0.02472238428890705,0.10131749510765076,6.538393497467041,0.10793377459049225
623,0.04038664698600769,0.11453504860401154,17.258108139038086,0.16461476683616638,0.02484992705285549,0.10203922539949417,6.588924884796143,0.10853157937526703
624,0.0403640978038311,0.11626550555229187,17.188472747802734,0.16478942334651947,0.02409905381500721,0.09829901903867722,6.341042518615723,0.1050480380654335
625,0.03943682834506035,0.11418111622333527,17.316993713378906,0.16189272701740265,0.024325674399733543,0.09961201250553131,6.426641941070557,0.10630176961421967
626,0.0400819294154644,0.11529558151960373,18.82570457458496,0.16363275051116943,0.02326815575361252,0.09427478909492493,6.080491542816162,0.10109815746545792
627,0.039359692484140396,0.1140340119600296,16.767444610595703,0.16212427616119385,0.02346089854836464,0.09566501528024673,6.170467376708984,0.10246334224939346
628,0.03954683616757393,0.11337511986494064,16.8664493560791,0.16260018944740295,0.023402582854032516,0.09542016685009003,6.154240608215332,0.10222484916448593
629,0.039222609251737595,0.11372265964746475,17.872892379760742,0.16138698160648346,0.02430088073015213,0.09988579899072647,6.4517669677734375,0.10635744780302048
630,0.03976837918162346,0.11455623805522919,16.60958480834961,0.1631028801202774,0.02290460653603077,0.09303681552410126,5.999067783355713,0.0999247133731842
631,0.04018807038664818,0.11483869701623917,17.19138526916504,0.1646769493818283,0.023622693493962288,0.09733469784259796,6.281344413757324,0.1040053591132164
632,0.040652401745319366,0.11669410765171051,16.834964752197266,0.16673283278942108,0.02567184530198574,0.10723558068275452,6.931597709655762,0.11346456408500671
633,0.040764834731817245,0.11558205634355545,16.854999542236328,0.1665465384721756,0.02281634882092476,0.09299943596124649,5.999828815460205,0.09979402273893356
634,0.040046826004981995,0.11569517850875854,17.306238174438477,0.1646849513053894,0.022348038852214813,0.09057028591632843,5.837146282196045,0.09757053107023239
635,0.040209922939538956,0.11488334089517593,17.03410530090332,0.1653423011302948,0.023440415039658546,0.09704936295747757,6.264915466308594,0.10366681963205338
636,0.039741165935993195,0.11392544209957123,16.543540954589844,0.1642894446849823,0.024287110194563866,0.10131780803203583,6.542473316192627,0.1078108623623848
637,0.040904004126787186,0.11670242995023727,18.942882537841797,0.16685830056667328,0.023505082353949547,0.09771193563938141,6.3068623542785645,0.10434246063232422
638,0.0427788682281971,0.11984851211309433,18.477535247802734,0.17290715873241425,0.02488013543188572,0.10445193946361542,6.750430583953857,0.11076119542121887
639,0.038390081375837326,0.11162450909614563,16.927021026611328,0.16005565226078033,0.02257467247545719,0.092993825674057,5.9929704666137695,0.09997861087322235
640,0.03924836218357086,0.11513741314411163,18.357669830322266,0.16222833096981049,0.020666880533099174,0.08240412920713425,5.3004961013793945,0.08974672108888626
641,0.03996461629867554,0.11468949168920517,16.716520309448242,0.16493858397006989,0.0212468933314085,0.08579950034618378,5.528311252593994,0.09287071228027344
642,0.038653306663036346,0.11370338499546051,17.412744522094727,0.1612863838672638,0.02275119349360466,0.09409675002098083,6.070495128631592,0.10089078545570374
643,0.04035778343677521,0.11572126299142838,17.614212036132812,0.1660730391740799,0.02366364188492298,0.09921158105134964,6.407527923583984,0.10570729523897171
644,0.0404241606593132,0.11616149544715881,18.822904586791992,0.16653753817081451,0.023735404014587402,0.09989544749259949,6.452393054962158,0.1063634380698204
645,0.03901629522442818,0.11375091224908829,16.800128936767578,0.16267520189285278,0.022954633459448814,0.09581363201141357,6.182380199432373,0.10253432393074036
646,0.03964100778102875,0.11338964849710464,18.218692779541016,0.1641952246427536,0.02191658690571785,0.09029573947191238,5.822868824005127,0.09718846529722214
647,0.04034029319882393,0.11645444482564926,16.709226608276367,0.16655004024505615,0.022494595497846603,0.09386806935071945,6.058097839355469,0.1005949154496193
648,0.040728386491537094,0.11775778979063034,17.105819702148438,0.1683172583580017,0.02203455939888954,0.09150222688913345,5.899707317352295,0.09841537475585938
649,0.04016001895070076,0.11557640135288239,17.398107528686523,0.16607914865016937,0.02263747528195381,0.09474463015794754,6.117871284484863,0.10135314613580704
650,0.03833746910095215,0.11241046339273453,17.27345848083496,0.16104444861412048,0.021825561299920082,0.09096486866474152,5.861368179321289,0.09799876064062119
651,0.03979705646634102,0.11576495319604874,17.513521194458008,0.1652880162000656,0.021759560331702232,0.09056254476308823,5.839747428894043,0.09746341407299042
652,0.04058646783232689,0.1171635165810585,17.627296447753906,0.16782258450984955,0.022743048146367073,0.0959806963801384,6.197573661804199,0.10257434099912643
653,0.03811747580766678,0.11239748448133469,16.28606605529785,0.1609761118888855,0.022205986082553864,0.09372283518314362,6.043516159057617,0.10058755427598953
654,0.0404292494058609,0.11707674711942673,17.615995407104492,0.16743262112140656,0.024104319512844086,0.10277145355939865,6.6431965827941895,0.10907406359910965
655,0.03959226235747337,0.11499570310115814,18.168968200683594,0.16501954197883606,0.024044865742325783,0.10324575006961823,6.674938201904297,0.10949362814426422
656,0.038773391395807266,0.11478400975465775,17.045608520507812,0.16319678723812103,0.023338474333286285,0.10008101910352707,6.460676670074463,0.10664539784193039
657,0.04046202823519707,0.11804968118667603,17.83095359802246,0.16778787970542908,0.02440139651298523,0.10485316067934036,6.778541564941406,0.11110814660787582
658,0.03987301513552666,0.11679327487945557,17.84032440185547,0.1665029227733612,0.023032154887914658,0.09870018810033798,6.370861053466797,0.10530688613653183
659,0.03894060105085373,0.11542624235153198,19.718856811523438,0.16322733461856842,0.02231558784842491,0.09490766376256943,6.1254658699035645,0.10159575939178467
660,0.03958743438124657,0.11541424691677094,17.76220703125,0.16545459628105164,0.02111581154167652,0.08862670511007309,5.712201118469238,0.09562291204929352
661,0.039548110216856,0.11614231020212173,17.325908660888672,0.16568021476268768,0.022446172311902046,0.0957731083035469,6.185513019561768,0.10233145952224731
662,0.03936579078435898,0.1150500625371933,17.039674758911133,0.16551849246025085,0.021289505064487457,0.08989282697439194,5.794098377227783,0.09687194228172302
663,0.03964997082948685,0.11597880721092224,17.186229705810547,0.16587921977043152,0.0216827355325222,0.09231344610452652,5.956271171569824,0.09909220039844513
664,0.03962932899594307,0.11591637879610062,17.33530044555664,0.16643311083316803,0.020573051646351814,0.0860692709684372,5.545276641845703,0.0931372418999672
665,0.039552781730890274,0.11561436951160431,16.798032760620117,0.16605673730373383,0.02076774835586548,0.08760126680135727,5.646473407745361,0.09458770602941513
666,0.038353074342012405,0.11406971514225006,17.109699249267578,0.1624864935874939,0.02202332206070423,0.09388945996761322,6.061266899108887,0.10056513547897339
667,0.038992829620838165,0.11567817628383636,17.93918800354004,0.16430290043354034,0.019668594002723694,0.08137939125299454,5.238712310791016,0.08858856558799744
668,0.03937419876456261,0.11612332612276077,17.321157455444336,0.16555817425251007,0.01941940374672413,0.079770527780056,5.135844707489014,0.08696015179157257
669,0.040033940225839615,0.11714277416467667,17.557769775390625,0.1675206571817398,0.02011759951710701,0.08410101383924484,5.421271324157715,0.09108567237854004
670,0.03907260298728943,0.11569865792989731,17.181432723999023,0.1650719791650772,0.01996937207877636,0.08328959345817566,5.366776943206787,0.09034541994333267
671,0.03991420567035675,0.11686243861913681,18.055572509765625,0.16707688570022583,0.019483810290694237,0.08070430904626846,5.199014186859131,0.08780701458454132
672,0.038505278527736664,0.11419354379177094,16.87476921081543,0.16348621249198914,0.020020119845867157,0.08438687026500702,5.437255382537842,0.091444231569767
673,0.03924976661801338,0.11625812947750092,16.81011962890625,0.16570957005023956,0.019703557714819908,0.08260755240917206,5.321050643920898,0.08972249180078506
674,0.04048414155840874,0.11809679865837097,17.347745895385742,0.1695021241903305,0.020999735221266747,0.0901329293847084,5.810211181640625,0.09709051251411438
675,0.03912407532334328,0.1166754737496376,17.873249053955078,0.16545020043849945,0.019821912050247192,0.08356450498104095,5.381917953491211,0.0906989797949791
676,0.03919423371553421,0.11671862751245499,19.439151763916016,0.16506269574165344,0.02002020552754402,0.0847884938120842,5.465415954589844,0.09180593490600586
677,0.03823738545179367,0.11402922123670578,17.714473724365234,0.16282813251018524,0.02071031555533409,0.08924831449985504,5.754499435424805,0.09616982936859131
678,0.03911031037569046,0.11563561856746674,16.633872985839844,0.16604438424110413,0.02287503518164158,0.10071425139904022,6.509701728820801,0.10704392194747925
679,0.03951217606663704,0.1172969862818718,18.272470474243164,0.16670650243759155,0.020975137129426003,0.09056863188743591,5.841742515563965,0.09742008149623871
680,0.03939918428659439,0.11617735773324966,17.07375717163086,0.1667681187391281,0.020706363022327423,0.08951400965452194,5.773898124694824,0.09636328369379044
681,0.03849632292985916,0.11451306194067001,17.098276138305664,0.16412808001041412,0.021388009190559387,0.0933685302734375,6.027926921844482,0.10002391040325165
682,0.038410793989896774,0.11538232117891312,16.949092864990234,0.1640741229057312,0.021314794197678566,0.09302209317684174,6.00388765335083,0.09972865134477615
683,0.03839784115552902,0.11388997733592987,16.886606216430664,0.16402050852775574,0.021971581503748894,0.0969204530119896,6.261363983154297,0.10340502858161926
684,0.038662876933813095,0.11551949381828308,16.790109634399414,0.16509735584259033,0.021464094519615173,0.0942550078034401,6.082355499267578,0.10098021477460861
685,0.03839396685361862,0.11521419882774353,17.651012420654297,0.16338743269443512,0.02128302864730358,0.09324954450130463,6.019805908203125,0.0999361127614975
686,0.03878523409366608,0.11543958634138107,17.01735496520996,0.1654500961303711,0.01905926503241062,0.08042637258768082,5.175268173217773,0.08771353214979172
687,0.03903747349977493,0.11637268215417862,20.025604248046875,0.165270134806633,0.019420212134718895,0.08275441080331802,5.3359222412109375,0.08970513939857483
688,0.03872622177004814,0.1136697381734848,16.766786575317383,0.1653861552476883,0.0192448440939188,0.08189494907855988,5.2749552726745605,0.0890459269285202
689,0.03817678615450859,0.11499883979558945,16.593629837036133,0.16376444697380066,0.017943568527698517,0.0741455927491188,4.767845630645752,0.08151814341545105
690,0.038772616535425186,0.11498294770717621,17.70077896118164,0.16506007313728333,0.018433328717947006,0.07702408730983734,4.961740016937256,0.08413483202457428
691,0.038378216326236725,0.11492608487606049,17.154926300048828,0.16419750452041626,0.018293634057044983,0.07614149153232574,4.904508113861084,0.08326779305934906
692,0.03895581513643265,0.11683312058448792,18.09804916381836,0.16602537035942078,0.018066629767417908,0.07525594532489777,4.844143867492676,0.08248189836740494
693,0.03895058110356331,0.11552008986473083,17.274415969848633,0.16613496840000153,0.020502585917711258,0.08992043882608414,5.8079962730407715,0.09653743356466293
694,0.03798454627394676,0.1146329939365387,17.198822021484375,0.16353508830070496,0.019875362515449524,0.08686557412147522,5.601469993591309,0.09378522634506226
695,0.03891300410032272,0.11603591591119766,16.784467697143555,0.16612665355205536,0.018919378519058228,0.08111721277236938,5.223789691925049,0.08827618509531021
696,0.03837338089942932,0.11481738090515137,17.154478073120117,0.16444584727287292,0.01864052005112171,0.07973144948482513,5.133786678314209,0.08692676573991776
697,0.03956642746925354,0.11678990721702576,17.17234992980957,0.1683158576488495,0.019444197416305542,0.08444765955209732,5.447047710418701,0.09133805334568024
698,0.037822175770998,0.114533431828022,17.303634643554688,0.16307269036769867,0.01862669549882412,0.07966849952936172,5.1344685554504395,0.08670592308044434
699,0.03938176482915878,0.1166294664144516,17.15868377685547,0.16786645352840424,0.01772935315966606,0.07407291233539581,4.764822006225586,0.08140640705823898
